,item_id,rank,price,del_price,rating,rating_count,time,coupon,real_price
0,3105520,1,111200,139000,99.0,22,2023-04-25T22:38,-16680,94520
1,1763157,2,49400,52000,95.0,2931,2023-04-25T22:38,0,49400
2,2272830,3,35910,39900,97.0,20819,2023-04-25T22:38,-7182,28728
3,3242956,4,96000,0,0.0,0,2023-04-25T22:38,-4800,91200
4,3242950,5,96000,0,100.0,2,2023-04-25T22:38,-4800,91200
5,3242941,6,96000,0,0.0,0,2023-04-25T22:38,-4800,91200
6,3086682,7,106200,125000,94.0,36,2023-04-25T22:38,0,106200
7,3201923,8,87200,109000,0.0,0,2023-04-25T22:38,-13080,74120
8,1848166,9,44100,49000,97.0,41619,2023-04-25T22:38,-4410,39690
9,345889,10,29900,47900,96.0,10447,2023-04-25T22:38,0,29900
10,3214271,11,47778,82000,98.0,123,2023-04-25T22:38,-4778,43000
11,2442409,12,27300,78000,96.0,9345,2023-04-25T22:38,0,27300
12,1921901,13,36900,70500,96.0,7779,2023-04-25T22:38,0,36900
13,3243424,14,98000,0,0.0,0,2023-04-25T22:38,0,98000
14,2086653,15,16900,0,97.0,40948,2023-04-25T22:38,0,16900
15,1944612,16,35800,59700,97.0,3180,2023-04-25T22:38,0,35800
16,2479911,17,49400,76000,97.0,4643,2023-04-25T22:38,-2470,46930
17,3214275,18,47778,82000,98.0,246,2023-04-25T22:38,-4778,43000
18,1939099,19,31850,49000,97.0,12149,2023-04-25T22:38,-6370,25480
19,3124809,20,65550,69000,100.0,9,2023-04-25T22:38,0,65550
20,2646350,21,59800,94000,95.0,5061,2023-04-25T22:38,-5980,53820
21,1620270,22,189000,0,96.0,99,2023-04-25T22:38,0,189000
22,3043740,23,49700,59000,98.0,36,2023-04-25T22:38,-2485,47215
23,2285512,24,49400,52000,96.0,1850,2023-04-25T22:38,-2470,46930
24,3204179,25,49900,0,100.0,30,2023-04-25T22:38,0,49900
25,3046818,26,39560,46000,97.0,81,2023-04-25T22:38,-3956,35604
26,2453556,27,39900,42000,97.0,6474,2023-04-25T22:38,0,39900
27,1884943,28,27900,39000,96.0,19131,2023-04-25T22:38,-4185,23715
28,3105468,29,63200,79000,98.0,144,2023-04-25T22:38,0,63200
29,1763123,30,84550,89000,96.0,1708,2023-04-25T22:38,0,84550
30,3046771,31,39560,46000,98.0,140,2023-04-25T22:38,-3956,35604
31,2034137,32,31800,0,97.0,18324,2023-04-25T22:38,-4770,27030
32,1848797,33,169000,0,96.0,110,2023-04-25T22:38,0,169000
33,1882578,34,35910,39900,97.0,10794,2023-04-25T22:38,-7182,28728
34,2398380,35,27000,45000,96.0,1740,2023-04-25T22:38,-2700,24300
35,1899755,36,27900,39000,96.0,5128,2023-04-25T22:38,-4185,23715
36,1763218,37,84550,89000,96.0,1547,2023-04-25T22:38,0,84550
37,2575342,38,39900,59000,96.0,1007,2023-04-25T22:38,-3990,35910
38,3187851,39,49900,110000,96.0,421,2023-04-25T22:38,-2495,47405
39,1706633,40,199000,0,97.0,2507,2023-04-25T22:38,0,199000
40,3129117,41,45000,0,99.0,54,2023-04-25T22:38,-4500,40500
41,3042516,42,42000,65000,96.0,220,2023-04-25T22:38,-4200,37800
42,2364807,43,219000,0,96.0,743,2023-04-25T22:38,0,219000
43,3047767,44,27900,43000,94.0,72,2023-04-25T22:38,-4185,23715
44,3064420,45,61500,69000,98.0,144,2023-04-25T22:38,-3075,58425
45,3214279,46,37778,69000,98.0,135,2023-04-25T22:38,-3778,34000
46,2406919,47,199000,0,96.0,521,2023-04-25T22:38,0,199000
47,3125105,48,29900,39000,97.0,34,2023-04-25T22:38,-5980,23920
48,3242976,49,108000,0,0.0,0,2023-04-25T22:38,-5400,102600
49,3125099,50,29900,39000,94.0,18,2023-04-25T22:38,-5980,23920
50,2445771,51,59700,0,97.0,991,2023-04-25T22:38,0,59700
51,2377269,52,45000,0,97.0,4317,2023-04-25T22:38,0,45000
52,2461377,53,169000,0,96.0,353,2023-04-25T22:38,0,169000
53,2305840,54,59700,0,97.0,4152,2023-04-25T22:38,0,59700
54,2375962,55,59000,62000,98.0,5924,2023-04-25T22:38,0,59000
55,1503352,56,39900,42000,97.0,8581,2023-04-25T22:38,0,39900
56,2623779,57,88200,98000,99.0,84,2023-04-25T22:38,0,88200
57,2376229,58,32400,36000,97.0,3964,2023-04-25T22:38,0,32400
58,3105527,59,111200,139000,95.0,13,2023-04-25T22:38,-16680,94520
59,2032985,60,89250,119000,97.0,1889,2023-04-25T22:38,0,89250
60,1201421,61,199000,0,95.0,154,2023-04-25T22:38,0,199000
61,2471760,62,27300,39000,97.0,6648,2023-04-25T22:38,0,27300
62,3242935,63,96000,0,0.0,0,2023-04-25T22:38,-4800,91200
63,3219911,64,69900,118000,96.0,59,2023-04-25T22:38,-6990,62910
64,1417691,65,13900,0,97.0,19013,2023-04-25T22:38,0,13900
65,996177,66,15900,0,95.0,78141,2023-04-25T22:38,0,15900
66,2996536,67,39900,59000,96.0,832,2023-04-25T22:38,-3990,35910
67,2409894,68,27300,78000,97.0,5300,2023-04-25T22:38,0,27300
68,2445758,69,59700,0,98.0,1372,2023-04-25T22:38,0,59700
69,2149254,70,37800,0,97.0,34619,2023-04-25T22:38,-5670,32130
70,3242904,71,135000,0,0.0,0,2023-04-25T22:38,-6750,128250
71,2015684,72,39000,0,94.0,6543,2023-04-25T22:38,0,39000
72,3129723,73,31200,39000,97.0,116,2023-04-25T22:38,-4680,26520
73,3243379,74,98000,0,0.0,0,2023-04-25T22:38,0,98000
74,1031260,75,33600,42000,96.0,13283,2023-04-25T22:38,0,33600
75,3010415,76,219000,0,97.0,70,2023-04-25T22:38,0,219000
76,2623767,77,88200,98000,98.0,36,2023-04-25T22:38,0,88200
77,1955452,78,39800,69990,95.0,2765,2023-04-25T22:38,0,39800
78,2065712,79,59000,62000,98.0,6907,2023-04-25T22:38,0,59000
79,1842348,80,79200,99000,96.0,3057,2023-04-25T22:38,-15840,63360
80,3214272,81,47778,82000,98.0,36,2023-04-25T22:38,-4778,43000
81,1870002,82,33150,39000,97.0,338,2023-04-25T22:38,-4973,28177
82,2392759,83,39900,49600,95.0,4289,2023-04-25T22:38,-5985,33915
83,1336398,84,33500,67000,96.0,19238,2023-04-25T22:38,-5025,28475
84,2406930,85,33600,42000,97.0,3111,2023-04-25T22:38,0,33600
85,1870005,86,33150,39000,96.0,161,2023-04-25T22:38,-4973,28177
86,3203720,87,41400,45000,99.0,70,2023-04-25T22:38,-6210,35190
87,2462040,88,38000,45000,95.0,4057,2023-04-25T22:38,-5700,32300
88,3211815,89,24500,35000,97.0,67,2023-04-25T22:38,-4900,19600
89,2065708,90,59000,62000,98.0,6992,2023-04-25T22:38,0,59000
90,1558197,1,69590,81900,97.0,33104,2023-04-25T22:38,0,69590
91,1778404,2,39000,45000,96.0,68475,2023-04-25T22:38,-5850,33150
92,2329532,3,119200,149000,97.0,4130,2023-04-25T22:38,-11920,107280
93,1856181,4,35910,39900,97.0,8389,2023-04-25T22:38,-7182,28728
94,3243036,5,278000,0,0.0,0,2023-04-25T22:38,-13900,264100
95,2723218,6,69900,85900,96.0,3091,2023-04-25T22:38,-10485,59415
96,3012082,7,59900,79000,96.0,1279,2023-04-25T22:38,0,59900
97,1571879,8,79900,112900,96.0,7289,2023-04-25T22:38,0,79900
98,1790383,9,54700,86000,95.0,5938,2023-04-25T22:38,-8205,46495
99,2343198,10,119000,129000,97.0,5331,2023-04-25T22:38,-17850,101150
100,3054935,11,89900,0,97.0,107,2023-04-25T22:38,0,89900
101,1283757,12,71290,83900,96.0,26960,2023-04-25T22:38,0,71290
102,3244733,13,268000,0,0.0,0,2023-04-25T22:38,-13400,254600
103,2471405,14,89000,138000,97.0,2236,2023-04-25T22:38,-8900,80100
104,2732486,15,99000,179000,98.0,852,2023-04-25T22:38,-9900,89100
105,1776552,16,59000,69000,94.0,6289,2023-04-25T22:38,-8850,50150
106,1108007,17,67890,79900,95.0,48037,2023-04-25T22:38,0,67890
107,2061715,18,79900,105000,97.0,2867,2023-04-25T22:38,0,79900
108,1778408,19,39000,45000,95.0,11971,2023-04-25T22:38,-5850,33150
109,2788216,20,146000,159000,98.0,201,2023-04-25T22:38,-21900,124100
110,2343199,21,119000,129000,98.0,1942,2023-04-25T22:38,-17850,101150
111,1530516,22,69900,79000,96.0,2523,2023-04-25T22:38,0,69900
112,3244729,23,268000,0,0.0,0,2023-04-25T22:38,-13400,254600
113,3092774,24,139900,0,96.0,16,2023-04-25T22:38,-20985,118915
114,2381781,25,186750,249000,98.0,876,2023-04-25T22:38,0,186750
115,3100493,26,139000,0,98.0,93,2023-04-25T22:38,0,139000
116,3046899,27,79900,105000,97.0,155,2023-04-25T22:38,0,79900
117,2572705,28,168300,198000,96.0,74,2023-04-25T22:38,-28611,139689
118,3033224,29,59900,74000,97.0,901,2023-04-25T22:38,0,59900
119,1530517,30,69900,79000,96.0,2249,2023-04-25T22:38,0,69900
120,1139192,31,66400,94900,97.0,14551,2023-04-25T22:38,-9960,56440
121,2444808,32,75490,83900,97.0,729,2023-04-25T22:38,0,75490
122,3029811,33,63200,79000,96.0,334,2023-04-25T22:38,-12640,50560
123,841230,34,154000,172000,96.0,7385,2023-04-25T22:38,0,154000
124,3010527,35,237150,279000,97.0,292,2023-04-25T22:38,0,237150
125,1195307,36,87550,103000,96.0,12804,2023-04-25T22:38,-13133,74417
126,3180619,37,240000,285000,0.0,0,2023-04-25T22:38,0,240000
127,1737051,38,62300,89000,96.0,5198,2023-04-25T22:38,-12460,49840
128,3019671,39,188100,209000,96.0,142,2023-04-25T22:38,0,188100
129,3243039,40,278000,0,0.0,0,2023-04-25T22:38,-13900,264100
130,2779952,41,279000,0,96.0,204,2023-04-25T22:38,-55800,223200
131,2329533,42,119200,149000,97.0,1441,2023-04-25T22:38,-11920,107280
132,1751722,43,53910,59900,97.0,3553,2023-04-25T22:38,-10782,43128
133,3033083,44,69760,109000,97.0,75,2023-04-25T22:38,0,69760
134,3055246,45,159000,0,97.0,93,2023-04-25T22:38,0,159000
135,2375909,46,76390,89900,98.0,1674,2023-04-25T22:38,0,76390
136,2403367,47,146000,0,97.0,699,2023-04-25T22:38,-21900,124100
137,3243037,48,278000,0,0.0,0,2023-04-25T22:38,-13900,264100
138,1776549,49,59000,69000,94.0,4666,2023-04-25T22:38,-8850,50150
139,2850681,50,2100000,3000000,0.0,0,2023-04-25T22:38,0,2100000
140,1776365,51,53400,89000,96.0,4696,2023-04-25T22:38,-8010,45390
141,2184466,52,359000,0,98.0,34,2023-04-25T22:38,0,359000
142,1337094,53,69900,0,95.0,5552,2023-04-25T22:38,0,69900
143,3037468,54,39700,68500,97.0,111,2023-04-25T22:38,0,39700
144,2351082,55,232200,258000,96.0,184,2023-04-25T22:38,-34830,197370
145,1618312,56,83900,0,97.0,7305,2023-04-25T22:38,-8390,75510
146,1576700,57,89000,129000,97.0,17165,2023-04-25T22:38,-13350,75650
147,1571878,58,79900,112900,96.0,4857,2023-04-25T22:38,0,79900
148,2288426,59,69000,109000,94.0,876,2023-04-25T22:38,-10350,58650
149,1558683,60,69590,81900,97.0,6367,2023-04-25T22:38,0,69590
150,1139338,61,66400,94900,97.0,17178,2023-04-25T22:38,-9960,56440
151,3209862,62,89000,111500,97.0,9,2023-04-25T22:38,-8900,80100
152,2712632,63,107000,0,97.0,1417,2023-04-25T22:38,0,107000
153,3157691,64,209000,0,98.0,11,2023-04-25T22:38,-41800,167200
154,2288704,65,121000,132000,97.0,3602,2023-04-25T22:38,-18150,102850
155,3048144,66,109200,182000,95.0,250,2023-04-25T22:38,-21840,87360
156,3092775,67,139900,0,100.0,5,2023-04-25T22:38,-20985,118915
157,2064545,68,59800,94000,97.0,11444,2023-04-25T22:38,-2990,56810
158,3092776,69,139900,0,100.0,3,2023-04-25T22:38,-20985,118915
159,3155584,70,1150000,3192000,0.0,0,2023-04-25T22:38,0,1150000
160,2715055,71,159000,189000,97.0,2069,2023-04-25T22:38,0,159000
161,3209864,72,89000,111500,97.0,17,2023-04-25T22:38,-8900,80100
162,3047188,73,109650,129000,99.0,60,2023-04-25T22:38,-10965,98685
163,2330481,74,223200,248000,97.0,149,2023-04-25T22:38,-33480,189720
164,2718414,75,134100,149000,97.0,874,2023-04-25T22:38,0,134100
165,3051261,76,53400,89000,97.0,163,2023-04-25T22:38,-10680,42720
166,3034346,77,164000,0,98.0,521,2023-04-25T22:38,-24600,139400
167,2286964,78,66300,110500,97.0,5024,2023-04-25T22:38,-9945,56355
168,1567183,79,71175,94900,97.0,7543,2023-04-25T22:38,-10677,60498
169,3037473,80,69900,85900,95.0,394,2023-04-25T22:38,-10485,59415
170,3092777,81,139900,0,94.0,15,2023-04-25T22:38,-20985,118915
171,2683549,82,111750,149000,97.0,2652,2023-04-25T22:38,0,111750
172,3051572,83,39000,93000,97.0,50,2023-04-25T22:38,-5850,33150
173,2357957,84,111750,149000,97.0,2268,2023-04-25T22:38,0,111750
174,3100603,85,79000,0,97.0,50,2023-04-25T22:38,0,79000
175,3023666,86,37000,49000,97.0,303,2023-04-25T22:38,-5550,31450
176,3100486,87,139000,0,97.0,28,2023-04-25T22:38,0,139000
177,2668986,88,35910,39900,96.0,3728,2023-04-25T22:38,-7182,28728
178,2159724,89,29900,32000,95.0,2485,2023-04-25T22:38,0,29900
179,3048143,90,109200,182000,97.0,558,2023-04-25T22:38,-21840,87360
180,3086712,1,41900,85000,96.0,59,2023-04-25T22:38,0,41900
181,3242780,2,156000,0,0.0,0,2023-04-25T22:38,-7800,148200
182,3242782,3,156000,0,0.0,0,2023-04-25T22:38,-7800,148200
183,2112059,4,36400,52000,97.0,44354,2023-04-25T22:38,-5460,30940
184,750908,5,34900,54000,96.0,85060,2023-04-25T22:38,0,34900
185,2060719,6,55200,69000,96.0,5641,2023-04-25T22:38,-5520,49680
186,1168906,7,35590,41900,97.0,72058,2023-04-25T22:38,0,35590
187,3242776,8,156000,0,0.0,0,2023-04-25T22:38,-7800,148200
188,1551840,9,35100,39000,97.0,85135,2023-04-25T22:38,0,35100
189,1149329,10,39900,0,96.0,87130,2023-04-25T22:38,0,39900
190,1924274,11,49900,66000,95.0,22862,2023-04-25T22:38,-4990,44910
191,2060717,12,55200,69000,95.0,4122,2023-04-25T22:38,-5520,49680
192,1926048,13,32000,0,97.0,15180,2023-04-25T22:38,-1600,30400
193,3242796,14,164000,0,0.0,0,2023-04-25T22:38,-8200,155800
194,1573215,15,111000,148000,98.0,9639,2023-04-25T22:38,-16650,94350
195,1370101,16,39000,89000,96.0,23718,2023-04-25T22:38,-1950,37050
196,763134,17,16690,23900,95.0,24361,2023-04-25T22:38,-2504,14186
197,2112061,18,36400,52000,97.0,15372,2023-04-25T22:38,-5460,30940
198,1149328,19,35890,39900,96.0,94995,2023-04-25T22:38,0,35890
199,3101580,20,156000,0,97.0,89,2023-04-25T22:38,0,156000
200,2028327,21,42390,49900,96.0,9510,2023-04-25T22:38,0,42390
201,1627892,22,43900,0,97.0,11575,2023-04-25T22:38,0,43900
202,2092852,23,42000,52800,96.0,11685,2023-04-25T22:38,-4200,37800
203,1440874,24,39900,0,95.0,15284,2023-04-25T22:38,0,39900
204,1436504,25,41900,0,96.0,9356,2023-04-25T22:38,0,41900
205,2060720,26,55200,69000,95.0,2743,2023-04-25T22:38,-5520,49680
206,3252638,27,59800,86000,100.0,8,2023-04-25T22:38,-5980,53820
207,1551839,28,39000,0,97.0,24193,2023-04-25T22:38,0,39000
208,1568057,29,49600,62000,96.0,22912,2023-04-25T22:38,-7440,42160
209,1222184,30,37690,41900,97.0,48855,2023-04-25T22:38,0,37690
210,2569078,31,59250,79000,96.0,2566,2023-04-25T22:38,-8888,50362
211,2358429,32,119250,159000,98.0,2702,2023-04-25T22:38,0,119250
212,3242785,33,156000,0,0.0,0,2023-04-25T22:38,-7800,148200
213,2495075,34,49800,72000,95.0,12289,2023-04-25T22:38,-4980,44820
214,2789091,35,79200,99000,97.0,1035,2023-04-25T22:38,-11880,67320
215,2028326,36,49900,0,97.0,6533,2023-04-25T22:38,0,49900
216,3220911,37,89000,129000,97.0,212,2023-04-25T22:38,0,89000
217,1552753,38,70200,78000,97.0,28436,2023-04-25T22:38,-10530,59670
218,2150457,39,119250,159000,97.0,4161,2023-04-25T22:38,-17888,101362
219,1555407,40,70200,78000,97.0,11835,2023-04-25T22:38,-10530,59670
220,2789111,41,79200,99000,97.0,1058,2023-04-25T22:38,-11880,67320
221,3242774,42,156000,0,0.0,0,2023-04-25T22:38,-7800,148200
222,3043508,43,71200,89000,97.0,319,2023-04-25T22:38,0,71200
223,858911,44,39000,49000,95.0,67478,2023-04-25T22:38,-5850,33150
224,2184087,45,47200,89000,96.0,4294,2023-04-25T22:38,-2360,44840
225,2107115,46,98500,135000,98.0,11834,2023-04-25T22:38,-14775,83725
226,1885631,47,39000,49000,96.0,23948,2023-04-25T22:38,-5850,33150
227,3242793,48,164000,0,0.0,0,2023-04-25T22:38,-8200,155800
228,2749153,49,66600,74000,97.0,683,2023-04-25T22:38,0,66600
229,2711142,50,39800,54000,96.0,1145,2023-04-25T22:38,-5970,33830
230,2723714,51,46400,58000,96.0,1842,2023-04-25T22:38,0,46400
231,3101581,52,156000,0,97.0,42,2023-04-25T22:38,0,156000
232,2060759,53,59800,74800,97.0,7506,2023-04-25T22:38,-5980,53820
233,2060743,54,33000,55000,95.0,3773,2023-04-25T22:38,-3300,29700
234,2569079,55,59250,79000,96.0,1197,2023-04-25T22:38,-8888,50362
235,883004,56,69900,89000,94.0,9555,2023-04-25T22:38,0,69900
236,2503133,57,42000,52800,96.0,3228,2023-04-25T22:38,-4200,37800
237,2402843,58,39900,0,96.0,1358,2023-04-25T22:38,0,39900
238,1985223,59,39000,89000,96.0,1768,2023-04-25T22:38,-1950,37050
239,2351467,60,29000,54000,96.0,6797,2023-04-25T22:38,0,29000
240,3037465,61,45500,56900,95.0,398,2023-04-25T22:38,-6825,38675
241,3044076,62,80100,89000,97.0,70,2023-04-25T22:38,-12015,68085
242,1926034,63,32000,0,97.0,3238,2023-04-25T22:38,-1600,30400
243,1854665,64,139000,0,97.0,1150,2023-04-25T22:38,0,139000
244,3134710,65,79900,0,98.0,14,2023-04-25T22:38,-11985,67915
245,2503134,66,42000,52800,96.0,5483,2023-04-25T22:38,-4200,37800
246,3034871,67,88200,126000,97.0,220,2023-04-25T22:38,0,88200
247,2578996,68,27900,59000,95.0,4841,2023-04-25T22:38,0,27900
248,3034850,69,135150,159000,98.0,167,2023-04-25T22:38,0,135150
249,2562527,70,29400,42000,97.0,4339,2023-04-25T22:38,-4410,24990
250,1436218,71,39900,68000,95.0,19813,2023-04-25T22:38,-3990,35910
251,3098372,72,89000,139000,97.0,1206,2023-04-25T22:38,0,89000
252,1854661,73,139000,0,96.0,471,2023-04-25T22:38,0,139000
253,3242797,74,164000,0,0.0,0,2023-04-25T22:38,-8200,155800
254,1350363,75,53600,68000,97.0,1290,2023-04-25T22:38,0,53600
255,1568032,76,49600,62000,96.0,6379,2023-04-25T22:38,-7440,42160
256,1323090,77,64400,92000,96.0,6159,2023-04-25T22:38,-12880,51520
257,3141395,78,49900,73900,97.0,249,2023-04-25T22:38,0,49900
258,2684140,79,109650,129000,98.0,1561,2023-04-25T22:38,0,109650
259,1446775,80,29900,44800,96.0,13508,2023-04-25T22:38,0,29900
260,1867555,81,36000,45000,96.0,3190,2023-04-25T22:38,0,36000
261,2381406,82,103500,138000,98.0,2362,2023-04-25T22:38,-15525,87975
262,2706287,83,39800,54000,95.0,4325,2023-04-25T22:38,-5970,33830
263,2084435,84,109000,0,97.0,1396,2023-04-25T22:38,-16350,92650
264,2664735,85,39790,56900,98.0,964,2023-04-25T22:38,0,39790
265,1100326,86,57900,89000,95.0,37076,2023-04-25T22:38,-8685,49215
266,1989228,87,43900,0,97.0,5553,2023-04-25T22:38,0,43900
267,1736085,88,39900,59800,96.0,37579,2023-04-25T22:38,0,39900
268,1666442,89,49900,0,97.0,11119,2023-04-25T22:38,0,49900
269,2574822,90,19900,27800,96.0,1811,2023-04-25T22:38,0,19900
270,2558648,1,119000,0,98.0,1367,2023-04-25T22:38,0,119000
271,2930265,2,91000,0,98.0,669,2023-04-25T22:38,0,91000
272,3061872,3,89000,0,95.0,73,2023-04-25T22:38,0,89000
273,1740936,4,39000,0,97.0,1718,2023-04-25T22:38,0,39000
274,1789507,5,71100,79000,98.0,26359,2023-04-25T22:38,0,71100
275,1034480,6,135000,150000,97.0,18342,2023-04-25T22:38,0,135000
276,1969507,7,88000,0,98.0,5608,2023-04-25T22:38,0,88000
277,2344538,8,119000,0,98.0,6613,2023-04-25T22:38,0,119000
278,3034751,9,64800,72000,96.0,674,2023-04-25T22:38,0,64800
279,2657250,10,125400,149000,98.0,154,2023-04-25T22:38,0,125400
280,2344540,11,96000,0,98.0,9499,2023-04-25T22:38,0,96000
281,3121729,12,98100,109000,0.0,0,2023-04-25T22:38,0,98100
282,3034745,13,75600,84000,97.0,236,2023-04-25T22:38,0,75600
283,2793965,14,91000,0,96.0,279,2023-04-25T22:38,0,91000
284,2702033,15,127200,159000,97.0,462,2023-04-25T22:38,0,127200
285,2235274,16,145000,0,98.0,797,2023-04-25T22:38,0,145000
286,2911057,17,1839000,3820000,0.0,0,2023-04-25T22:38,0,1839000
287,3047568,18,99330,129000,96.0,115,2023-04-25T22:38,0,99330
288,2654166,19,82000,108000,95.0,164,2023-04-25T22:38,-12300,69700
289,2271789,20,71100,79000,97.0,2631,2023-04-25T22:38,0,71100
290,1564343,21,92800,119000,98.0,8197,2023-04-25T22:38,-13920,78880
291,1910358,22,99000,0,98.0,2565,2023-04-25T22:38,-14850,84150
292,3029922,23,295000,0,97.0,112,2023-04-25T22:38,0,295000
293,2688604,24,149000,159000,97.0,930,2023-04-25T22:38,0,149000
294,2630526,25,100000,0,96.0,722,2023-04-25T22:38,0,100000
295,1581689,26,75600,89000,97.0,4119,2023-04-25T22:38,0,75600
296,1744101,27,103500,109000,98.0,2956,2023-04-25T22:38,0,103500
297,1447194,28,59900,230000,96.0,2974,2023-04-25T22:38,0,59900
298,1835080,29,98000,0,97.0,2945,2023-04-25T22:38,0,98000
299,2320927,30,39000,51000,97.0,2413,2023-04-25T22:38,0,39000
300,2343665,31,89000,0,97.0,4762,2023-04-25T22:38,0,89000
301,2105328,32,55300,79000,97.0,572,2023-04-25T22:38,-8295,47005
302,2066837,33,69000,119000,97.0,6676,2023-04-25T22:38,-10350,58650
303,3038000,34,74700,83000,96.0,538,2023-04-25T22:38,0,74700
304,342189,35,39500,52000,95.0,15918,2023-04-25T22:38,0,39500
305,1323612,36,238000,0,97.0,3874,2023-04-25T22:38,-11900,226100
306,1528287,37,46500,49000,96.0,4760,2023-04-25T22:38,0,46500
307,2514819,38,54000,66000,97.0,926,2023-04-25T22:38,0,54000
308,1264107,39,62000,90000,97.0,6556,2023-04-25T22:38,-9300,52700
309,1969488,40,88000,0,98.0,1843,2023-04-25T22:38,0,88000
310,2673886,41,1590000,2360000,96.0,5,2023-04-25T22:38,0,1590000
311,3029905,42,395000,0,99.0,54,2023-04-25T22:38,0,395000
312,1263004,43,159000,0,97.0,5291,2023-04-25T22:38,0,159000
313,2757112,44,359000,0,93.0,112,2023-04-25T22:38,-53850,305150
314,2279619,45,80100,89000,97.0,501,2023-04-25T22:38,0,80100
315,2408317,46,145800,162000,96.0,425,2023-04-25T22:38,0,145800
316,3000157,47,158000,0,96.0,172,2023-04-25T22:38,0,158000
317,2325729,48,87200,109000,97.0,840,2023-04-25T22:38,-13080,74120
318,2888946,49,79000,0,98.0,208,2023-04-25T22:38,0,79000
319,2616436,50,159000,199000,100.0,18,2023-04-25T22:38,-31800,127200
320,2789786,51,150100,158000,97.0,284,2023-04-25T22:38,0,150100
321,2789785,52,140600,148000,97.0,725,2023-04-25T22:38,0,140600
322,1456515,53,49500,55000,97.0,8841,2023-04-25T22:38,-7425,42075
323,2584181,54,57600,72000,99.0,1239,2023-04-25T22:38,0,57600
324,3234855,55,264100,278000,0.0,0,2023-04-25T22:38,0,264100
325,2373770,56,38800,53000,97.0,176,2023-04-25T22:38,-5820,32980
326,2975285,57,55250,65000,98.0,412,2023-04-25T22:38,0,55250
327,3101111,58,161100,179000,95.0,60,2023-04-25T22:38,0,161100
328,1534526,59,52200,55000,97.0,2553,2023-04-25T22:38,0,52200
329,3034749,60,64800,72000,97.0,569,2023-04-25T22:38,0,64800
330,2754080,61,88000,0,97.0,537,2023-04-25T22:38,0,88000
331,2668835,62,95200,119000,98.0,948,2023-04-25T22:38,-14280,80920
332,2333662,63,48300,69000,95.0,46,2023-04-25T22:38,-7245,41055
333,693318,64,75000,110000,96.0,13298,2023-04-25T22:38,-11250,63750
334,1090160,65,99000,0,97.0,1351,2023-04-25T22:38,0,99000
335,2577899,66,138000,0,98.0,367,2023-04-25T22:38,0,138000
336,1745100,67,103500,109000,97.0,1053,2023-04-25T22:38,0,103500
337,3029931,68,365000,0,98.0,71,2023-04-25T22:38,0,365000
338,3234750,69,390000,0,90.0,2,2023-04-25T22:38,0,390000
339,3158464,70,119000,0,93.0,28,2023-04-25T22:38,0,119000
340,2110431,71,129000,0,95.0,36,2023-04-25T22:38,0,129000
341,3161264,72,98100,109000,98.0,129,2023-04-25T22:38,-19620,78480
342,2914920,73,369000,439000,100.0,6,2023-04-25T22:38,0,369000
343,2869084,74,369000,0,97.0,34,2023-04-25T22:38,0,369000
344,3077448,75,273600,288000,95.0,22,2023-04-25T22:38,0,273600
345,2979841,76,1115000,1490000,0.0,0,2023-04-25T22:38,0,1115000
346,3056799,77,64800,72000,89.0,20,2023-04-25T22:38,0,64800
347,2967335,78,1415000,2605000,88.0,7,2023-04-25T22:38,-20000,1395000
348,2993947,79,100000,0,96.0,176,2023-04-25T22:38,0,100000
349,2914924,80,369000,439000,97.0,15,2023-04-25T22:38,0,369000
350,3164980,81,480000,729000,0.0,0,2023-04-25T22:38,0,480000
351,1453531,82,53000,59000,96.0,3043,2023-04-25T22:38,0,53000
352,2771875,83,349000,0,95.0,122,2023-04-25T22:38,0,349000
353,2002697,84,69900,76000,97.0,3549,2023-04-25T22:38,0,69900
354,2329567,85,99000,115000,97.0,324,2023-04-25T22:38,0,99000
355,1758217,86,43900,56000,97.0,13262,2023-04-25T22:38,-4390,39510
356,2245910,87,46000,69000,95.0,827,2023-04-25T22:38,0,46000
357,3161081,88,188000,0,100.0,6,2023-04-25T22:38,0,188000
358,913402,89,83300,98000,95.0,8133,2023-04-25T22:38,-16660,66640
359,3161058,90,188000,0,95.0,4,2023-04-25T22:38,-28200,159800
360,1762407,1,260000,0,97.0,3533,2023-04-25T22:38,0,260000
361,1762406,2,260000,0,98.0,3547,2023-04-25T22:38,0,260000
362,2638067,3,99000,139000,97.0,3353,2023-04-25T22:38,0,99000
363,969541,4,69000,0,97.0,30452,2023-04-25T22:38,0,69000
364,1622068,5,119000,0,97.0,6914,2023-04-25T22:38,0,119000
365,1883698,6,139000,0,95.0,85,2023-04-25T22:38,0,139000
366,2545799,7,149000,0,98.0,2393,2023-04-25T22:38,0,149000
367,311052,8,53100,59000,97.0,41558,2023-04-25T22:38,0,53100
368,186610,9,75900,85000,97.0,16777,2023-04-25T22:38,0,75900
369,490136,10,56900,95000,98.0,2768,2023-04-25T22:38,0,56900
370,2293400,11,129000,0,96.0,1116,2023-04-25T22:38,0,129000
371,810034,12,85500,95000,97.0,45507,2023-04-25T22:38,0,85500
372,3026310,13,99000,0,99.0,1010,2023-04-25T22:38,0,99000
373,577636,14,97300,139000,95.0,31366,2023-04-25T22:38,0,97300
374,2233180,15,75900,109000,97.0,14514,2023-04-25T22:38,0,75900
375,3091287,16,119000,0,98.0,407,2023-04-25T22:38,0,119000
376,1296778,17,99000,0,98.0,2224,2023-04-25T22:38,0,99000
377,2524840,18,139000,0,97.0,919,2023-04-25T22:38,0,139000
378,2565212,19,119000,0,99.0,467,2023-04-25T22:38,0,119000
379,3079037,20,195000,0,98.0,334,2023-04-25T22:38,0,195000
380,2899656,21,59900,159000,96.0,139,2023-04-25T22:38,0,59900
381,2161992,22,55900,95000,97.0,3561,2023-04-25T22:38,0,55900
382,2430426,23,169000,0,98.0,788,2023-04-25T22:38,0,169000
383,181907,24,79900,119000,97.0,7281,2023-04-25T22:38,0,79900
384,3030422,25,117900,139000,97.0,950,2023-04-25T22:38,0,117900
385,1473136,26,79900,149000,97.0,10825,2023-04-25T22:38,0,79900
386,2320478,27,129000,0,97.0,594,2023-04-25T22:38,0,129000
387,2622254,28,109000,0,98.0,994,2023-04-25T22:38,0,109000
388,3033248,29,109000,0,97.0,760,2023-04-25T22:38,-10900,98100
389,2855992,30,159000,0,97.0,662,2023-04-25T22:38,0,159000
390,1231944,31,119000,0,97.0,1441,2023-04-25T22:38,0,119000
391,2737457,32,230000,0,98.0,505,2023-04-25T22:38,0,230000
392,816033,33,57900,89000,96.0,13487,2023-04-25T22:38,0,57900
393,1900420,34,129000,0,96.0,1531,2023-04-25T22:38,0,129000
394,716244,35,69900,95000,98.0,1407,2023-04-25T22:38,0,69900
395,1900410,36,129000,0,97.0,4991,2023-04-25T22:38,0,129000
396,2383963,37,139000,0,96.0,181,2023-04-25T22:38,0,139000
397,2899664,38,60420,159000,97.0,147,2023-04-25T22:38,0,60420
398,695334,39,78900,99000,96.0,9627,2023-04-25T22:38,0,78900
399,2741233,40,109000,0,97.0,2868,2023-04-25T22:38,-10900,98100
400,1296776,41,99000,0,98.0,2998,2023-04-25T22:38,0,99000
401,2400617,42,55900,149000,96.0,97,2023-04-25T22:38,0,55900
402,2673444,43,89900,149000,95.0,513,2023-04-25T22:38,0,89900
403,102618,44,69000,0,97.0,6131,2023-04-25T22:38,0,69000
404,3122130,45,219000,0,100.0,20,2023-04-25T22:38,0,219000
405,2577087,46,89900,139000,97.0,437,2023-04-25T22:38,0,89900
406,2355071,47,265000,0,98.0,541,2023-04-25T22:38,0,265000
407,102620,48,69000,0,97.0,18080,2023-04-25T22:38,0,69000
408,2731878,49,44900,79000,97.0,1994,2023-04-25T22:38,0,44900
409,1608838,50,85000,0,97.0,12716,2023-04-25T22:38,0,85000
410,3172975,51,260000,0,98.0,20,2023-04-25T22:38,0,260000
411,1478592,52,75900,95000,97.0,3190,2023-04-25T22:38,0,75900
412,1493265,53,85500,95000,98.0,5041,2023-04-25T22:38,0,85500
413,810032,54,85500,95000,97.0,13845,2023-04-25T22:38,0,85500
414,3096431,55,139000,0,98.0,78,2023-04-25T22:38,0,139000
415,2785168,56,179000,0,99.0,87,2023-04-25T22:38,0,179000
416,490135,57,75900,95000,98.0,3515,2023-04-25T22:38,0,75900
417,3177097,58,79000,0,98.0,18,2023-04-25T22:38,0,79000
418,810033,59,89100,99000,97.0,34407,2023-04-25T22:38,0,89100
419,2909715,60,119000,0,97.0,129,2023-04-25T22:38,0,119000
420,1494180,61,71100,79000,95.0,5325,2023-04-25T22:38,0,71100
421,3023097,62,230000,0,98.0,137,2023-04-25T22:38,0,230000
422,2670201,63,39900,109000,97.0,1081,2023-04-25T22:38,0,39900
423,2229208,64,109000,0,97.0,1653,2023-04-25T22:38,0,109000
424,810036,65,85500,95000,97.0,5167,2023-04-25T22:38,0,85500
425,2733049,66,42900,119000,96.0,612,2023-04-25T22:38,0,42900
426,2861392,67,96900,139000,97.0,646,2023-04-25T22:38,0,96900
427,2899663,68,69900,159000,95.0,52,2023-04-25T22:38,0,69900
428,1955217,69,69000,109000,96.0,5343,2023-04-25T22:38,-10350,58650
429,2469965,70,94900,149000,96.0,1157,2023-04-25T22:38,0,94900
430,2233178,71,75900,109000,97.0,5087,2023-04-25T22:38,0,75900
431,1863222,72,150000,0,96.0,75,2023-04-25T22:38,0,150000
432,1817778,73,69000,0,97.0,4211,2023-04-25T22:38,0,69000
433,2070761,74,329000,0,98.0,380,2023-04-25T22:38,0,329000
434,1017974,75,79000,0,95.0,2999,2023-04-25T22:38,0,79000
435,2861393,76,96900,139000,93.0,321,2023-04-25T22:38,0,96900
436,3053324,77,129000,0,98.0,73,2023-04-25T22:38,0,129000
437,3008384,78,75000,0,98.0,164,2023-04-25T22:38,0,75000
438,2712716,79,39900,99000,96.0,114,2023-04-25T22:38,0,39900
439,2631192,80,98100,109000,98.0,464,2023-04-25T22:38,0,98100
440,1493263,81,89100,99000,98.0,4310,2023-04-25T22:38,0,89100
441,2815897,82,59950,109000,94.0,119,2023-04-25T22:38,0,59950
442,2909716,83,119000,0,96.0,108,2023-04-25T22:38,0,119000
443,3172970,84,148000,0,98.0,54,2023-04-25T22:38,0,148000
444,2622252,85,109000,0,97.0,259,2023-04-25T22:38,0,109000
445,2681875,86,99000,0,98.0,624,2023-04-25T22:38,0,99000
446,2493214,87,169000,0,98.0,221,2023-04-25T22:38,0,169000
447,2469964,88,84900,149000,95.0,283,2023-04-25T22:38,0,84900
448,3024528,89,132050,139000,96.0,118,2023-04-25T22:38,0,132050
449,2996167,90,96900,139000,97.0,204,2023-04-25T22:38,0,96900
450,1092992,1,69000,0,97.0,38524,2023-04-25T22:38,0,69000
451,3062046,2,78300,87000,97.0,292,2023-04-25T22:38,-3915,74385
452,3134606,3,125100,139000,96.0,73,2023-04-25T22:38,-6255,118845
453,3124961,4,65550,69000,97.0,378,2023-04-25T22:38,-3278,62272
454,3061996,5,88200,98000,97.0,221,2023-04-25T22:38,-4410,83790
455,3134621,6,136800,152000,97.0,61,2023-04-25T22:38,-6840,129960
456,501198,7,132000,139000,95.0,2761,2023-04-25T22:38,-6600,125400
457,2432733,8,40120,59000,97.0,2985,2023-04-25T22:38,0,40120
458,2383245,9,99000,0,98.0,934,2023-04-25T22:38,0,99000
459,595040,10,210000,0,95.0,8770,2023-04-25T22:38,0,210000
460,2624538,11,34810,59000,97.0,1644,2023-04-25T22:38,0,34810
461,1720822,12,209000,0,97.0,326,2023-04-25T22:38,-12540,196460
462,3102068,13,159000,0,92.0,10,2023-04-25T22:38,0,159000
463,1334438,14,170000,0,96.0,4462,2023-04-25T22:38,0,170000
464,2091749,15,75650,89000,95.0,6396,2023-04-25T22:38,0,75650
465,1129750,16,69000,0,97.0,3994,2023-04-25T22:38,0,69000
466,3062069,17,71100,79000,97.0,111,2023-04-25T22:38,-3555,67545
467,3223241,18,119000,0,98.0,32,2023-04-25T22:38,0,119000
468,2910086,19,265500,295000,98.0,241,2023-04-25T22:38,0,265500
469,1568047,20,127200,159000,95.0,12086,2023-04-25T22:38,-19080,108120
470,2664372,21,65000,0,97.0,1152,2023-04-25T22:38,0,65000
471,1890398,22,132000,168000,96.0,2791,2023-04-25T22:38,-13200,118800
472,1339622,23,42900,59000,97.0,16520,2023-04-25T22:38,0,42900
473,636821,24,160500,169000,93.0,2591,2023-04-25T22:38,-24075,136425
474,2664373,25,65000,0,97.0,1121,2023-04-25T22:38,0,65000
475,1810760,26,135000,150000,96.0,202,2023-04-25T22:38,0,135000
476,1730340,27,232200,258000,97.0,4291,2023-04-25T22:38,0,232200
477,2433538,28,84660,102000,96.0,2506,2023-04-25T22:38,-5927,78733
478,3188391,29,119000,170000,100.0,1,2023-04-25T22:38,0,119000
479,2419871,30,40120,59000,97.0,999,2023-04-25T22:38,0,40120
480,1439535,31,49000,0,96.0,16406,2023-04-25T22:38,0,49000
481,595039,32,210000,0,97.0,3565,2023-04-25T22:38,0,210000
482,3050950,33,78400,98000,97.0,9,2023-04-25T22:38,-3920,74480
483,2378989,34,159000,0,95.0,58,2023-04-25T22:38,0,159000
484,3161736,35,67900,158000,98.0,324,2023-04-25T22:38,-10185,57715
485,2816812,36,119900,0,93.0,1596,2023-04-25T22:38,0,119900
486,3134563,37,88200,98000,95.0,42,2023-04-25T22:38,-4410,83790
487,3049313,38,57100,64900,97.0,827,2023-04-25T22:38,0,57100
488,2816816,39,127890,159900,97.0,1908,2023-04-25T22:38,0,127890
489,2686298,40,645000,980000,0.0,0,2023-04-25T22:38,-20000,625000
490,2440524,41,69000,0,97.0,1661,2023-04-25T22:38,0,69000
491,2736221,42,99000,110000,96.0,317,2023-04-25T22:38,0,99000
492,1562990,43,230000,0,96.0,1292,2023-04-25T22:38,0,230000
493,1952910,44,265500,295000,98.0,1752,2023-04-25T22:38,0,265500
494,2101924,45,99900,0,96.0,1429,2023-04-25T22:38,0,99900
495,1699941,46,67150,79000,97.0,4965,2023-04-25T22:38,-10073,57077
496,1021359,47,61000,100000,94.0,5410,2023-04-25T22:38,-9150,51850
497,2435822,48,94500,99000,97.0,302,2023-04-25T22:38,0,94500
498,1439527,49,49000,0,95.0,13467,2023-04-25T22:38,0,49000
499,1720813,50,149000,0,97.0,535,2023-04-25T22:38,0,149000
500,2237841,51,195000,0,98.0,73,2023-04-25T22:38,-11700,183300
501,3142574,52,132300,189000,100.0,11,2023-04-25T22:38,0,132300
502,3024585,53,59000,0,97.0,178,2023-04-25T22:38,-8850,50150
503,3050953,54,78400,98000,100.0,13,2023-04-25T22:38,-3920,74480
504,2143833,55,89640,108000,96.0,2468,2023-04-25T22:38,-6275,83365
505,2910082,56,265500,295000,98.0,528,2023-04-25T22:38,0,265500
506,3075621,57,339000,0,98.0,108,2023-04-25T22:38,0,339000
507,2621831,58,64400,92000,95.0,789,2023-04-25T22:38,-9660,54740
508,2340324,59,169000,199000,98.0,201,2023-04-25T22:38,0,169000
509,1334440,60,102000,170000,96.0,2072,2023-04-25T22:38,0,102000
510,1419869,61,70300,74000,95.0,10602,2023-04-25T22:38,-10545,59755
511,2320704,62,24500,49000,96.0,257,2023-04-25T22:38,0,24500
512,2355318,63,98890,109900,96.0,671,2023-04-25T22:38,0,98890
513,2032683,64,210000,0,96.0,186,2023-04-25T22:38,0,210000
514,1828166,65,126000,210000,94.0,860,2023-04-25T22:38,0,126000
515,595038,66,210000,0,96.0,1343,2023-04-25T22:38,0,210000
516,2957149,67,44900,59000,99.0,71,2023-04-25T22:38,0,44900
517,3132539,68,69000,0,100.0,14,2023-04-25T22:38,0,69000
518,3142573,69,132300,189000,84.0,5,2023-04-25T22:38,0,132300
519,451851,70,268000,0,97.0,1965,2023-04-25T22:38,0,268000
520,3097625,71,95000,0,98.0,34,2023-04-25T22:38,0,95000
521,1438359,72,99000,0,97.0,1228,2023-04-25T22:38,0,99000
522,2589483,73,65000,0,97.0,1388,2023-04-25T22:38,0,65000
523,2210201,74,268000,299000,94.0,199,2023-04-25T22:38,-13400,254600
524,2750309,75,40120,59000,98.0,460,2023-04-25T22:38,0,40120
525,2889427,76,769000,1190000,97.0,7,2023-04-25T22:38,0,769000
526,3167199,77,174250,205000,100.0,3,2023-04-25T22:38,0,174250
527,1562988,78,260000,0,97.0,1490,2023-04-25T22:38,0,260000
528,549841,79,190000,0,93.0,2478,2023-04-25T22:38,0,190000
529,2444817,80,41890,69900,91.0,161,2023-04-25T22:38,0,41890
530,1799984,81,247500,275000,98.0,1150,2023-04-25T22:38,0,247500
531,2518112,82,87150,105000,96.0,1022,2023-04-25T22:38,-6101,81049
532,1110317,83,238500,265000,97.0,1575,2023-04-25T22:38,0,238500
533,2201011,84,259000,0,99.0,72,2023-04-25T22:38,0,259000
534,3124959,85,55100,58000,97.0,77,2023-04-25T22:38,-2755,52345
535,1762562,86,95100,109000,95.0,321,2023-04-25T22:38,0,95100
536,2363570,87,39900,55000,97.0,1176,2023-04-25T22:38,0,39900
537,2093156,88,259000,0,91.0,27,2023-04-25T22:38,0,259000
538,2379000,89,151500,159000,97.0,139,2023-04-25T22:38,0,151500
539,2775087,90,139500,155000,100.0,4,2023-04-25T22:38,-13950,125550
540,2356713,1,39000,0,97.0,1576,2023-04-25T22:38,-5850,33150
541,1822717,2,56050,59000,97.0,4402,2023-04-25T22:38,0,56050
542,2134140,3,39000,0,97.0,3725,2023-04-25T22:38,-5850,33150
543,2280117,4,35100,39000,97.0,6565,2023-04-25T22:38,0,35100
544,1920929,5,39000,0,97.0,4133,2023-04-25T22:38,-5850,33150
545,2879419,6,48900,55000,98.0,903,2023-04-25T22:38,-7335,41565
546,1214164,7,36000,0,96.0,25144,2023-04-25T22:38,0,36000
547,1022014,8,79000,0,96.0,11503,2023-04-25T22:38,0,79000
548,1214174,9,36000,0,97.0,15145,2023-04-25T22:38,0,36000
549,2356711,10,39000,0,97.0,1601,2023-04-25T22:38,-5850,33150
550,1771137,11,29000,0,97.0,12724,2023-04-25T22:38,0,29000
551,2028240,12,39000,0,98.0,3393,2023-04-25T22:38,-5850,33150
552,1214317,13,36000,0,97.0,11581,2023-04-25T22:38,0,36000
553,2356693,14,39000,0,97.0,1585,2023-04-25T22:38,-5850,33150
554,1214109,15,36000,0,97.0,8242,2023-04-25T22:38,0,36000
555,2560668,16,48300,69000,97.0,1288,2023-04-25T22:38,0,48300
556,1272626,17,36000,0,96.0,14284,2023-04-25T22:38,0,36000
557,3039055,18,36550,43000,96.0,77,2023-04-25T22:38,-5483,31067
558,2134158,19,39000,0,97.0,2615,2023-04-25T22:38,-5850,33150
559,2287131,20,31450,37000,95.0,1783,2023-04-25T22:38,-4718,26732
560,1022013,21,79000,0,96.0,6322,2023-04-25T22:38,0,79000
561,1214173,22,36000,0,96.0,5659,2023-04-25T22:38,0,36000
562,2123132,23,36900,39000,97.0,6497,2023-04-25T22:38,-3690,33210
563,1907733,24,29900,39000,96.0,3930,2023-04-25T22:38,0,29900
564,1214169,25,36000,0,96.0,5411,2023-04-25T22:38,0,36000
565,3012243,26,29900,39900,99.0,94,2023-04-25T22:38,-4485,25415
566,2286829,27,31450,37000,95.0,5121,2023-04-25T22:38,-4718,26732
567,3039061,28,33150,39000,96.0,55,2023-04-25T22:38,-4973,28177
568,1836699,29,79000,0,96.0,271,2023-04-25T22:38,0,79000
569,3099126,30,54000,0,98.0,14,2023-04-25T22:38,0,54000
570,1755276,31,49000,0,97.0,2440,2023-04-25T22:38,0,49000
571,1771133,32,29000,0,97.0,5782,2023-04-25T22:38,0,29000
572,2107999,33,36000,0,97.0,2729,2023-04-25T22:38,0,36000
573,1939301,34,39000,0,97.0,836,2023-04-25T22:38,-5850,33150
574,2591291,35,39200,49000,97.0,1064,2023-04-25T22:38,0,39200
575,2879417,36,48900,55000,98.0,236,2023-04-25T22:38,-7335,41565
576,1086824,37,29600,37000,95.0,18675,2023-04-25T22:38,0,29600
577,2864918,38,49000,0,99.0,155,2023-04-25T22:38,0,49000
578,1524720,39,36000,0,96.0,3452,2023-04-25T22:38,0,36000
579,3185986,40,49000,0,100.0,2,2023-04-25T22:38,0,49000
580,2280146,41,35100,39000,97.0,975,2023-04-25T22:38,0,35100
581,3225733,42,49000,0,100.0,13,2023-04-25T22:38,0,49000
582,2921965,43,52000,0,98.0,200,2023-04-25T22:38,0,52000
583,2329375,44,34710,39000,96.0,2145,2023-04-25T22:38,-3471,31239
584,3125906,45,89000,0,97.0,31,2023-04-25T22:38,-17800,71200
585,1535402,46,39000,0,97.0,1222,2023-04-25T22:38,0,39000
586,1214106,47,36000,0,96.0,9803,2023-04-25T22:38,0,36000
587,1855444,48,39900,42000,97.0,3109,2023-04-25T22:38,-5985,33915
588,2221221,49,35100,39000,96.0,1922,2023-04-25T22:38,0,35100
589,3163662,50,49000,0,96.0,13,2023-04-25T22:38,-9800,39200
590,3099784,51,57000,0,95.0,17,2023-04-25T22:38,0,57000
591,2531210,52,26300,35000,97.0,695,2023-04-25T22:38,-3945,22355
592,1925814,53,35100,39000,96.0,1722,2023-04-25T22:38,0,35100
593,2198830,54,18900,21000,95.0,1530,2023-04-25T22:38,0,18900
594,2687157,55,45000,0,97.0,1108,2023-04-25T22:38,-6750,38250
595,2879425,56,48900,55000,98.0,371,2023-04-25T22:38,-7335,41565
596,2289281,57,28500,38000,96.0,926,2023-04-25T22:38,0,28500
597,1771132,58,29000,0,96.0,5385,2023-04-25T22:38,0,29000
598,2381807,59,48300,69000,98.0,1179,2023-04-25T22:38,0,48300
599,2998516,60,29000,0,96.0,188,2023-04-25T22:38,0,29000
600,1760824,61,49700,59000,97.0,334,2023-04-25T22:38,0,49700
601,1335132,62,29000,0,95.0,1136,2023-04-25T22:38,0,29000
602,1497550,63,29600,37000,95.0,5762,2023-04-25T22:38,0,29600
603,1771121,64,29000,0,96.0,2319,2023-04-25T22:38,0,29000
604,2356714,65,39000,0,97.0,499,2023-04-25T22:38,-5850,33150
605,2280141,66,35100,39000,96.0,1143,2023-04-25T22:38,0,35100
606,1920840,67,39000,0,98.0,1409,2023-04-25T22:38,-5850,33150
607,2089719,68,36000,0,97.0,2470,2023-04-25T22:38,0,36000
608,1214171,69,36000,0,97.0,1746,2023-04-25T22:38,0,36000
609,2106843,70,49000,0,97.0,819,2023-04-25T22:38,0,49000
610,1126959,71,29250,39000,91.0,2606,2023-04-25T22:38,0,29250
611,2859190,72,33300,37000,96.0,506,2023-04-25T22:38,-4995,28305
612,1632175,73,36900,39000,97.0,2739,2023-04-25T22:38,-3690,33210
613,1063518,74,79000,0,96.0,968,2023-04-25T22:38,0,79000
614,2922090,75,52000,0,96.0,82,2023-04-25T22:38,0,52000
615,2697607,76,159000,0,100.0,2,2023-04-25T22:38,0,159000
616,2287105,77,34200,38000,95.0,1509,2023-04-25T22:38,-5130,29070
617,2864774,78,49000,0,98.0,104,2023-04-25T22:38,0,49000
618,2922336,79,52000,0,97.0,167,2023-04-25T22:38,0,52000
619,2507033,80,42000,0,98.0,184,2023-04-25T22:38,-6300,35700
620,2149507,81,9860,29000,95.0,437,2023-04-25T22:38,0,9860
621,2867785,82,9750,39000,97.0,92,2023-04-25T22:38,0,9750
622,3206535,83,51300,54000,0.0,0,2023-04-25T22:38,0,51300
623,1945782,84,56000,0,97.0,2521,2023-04-25T22:38,0,56000
624,2507080,85,39000,0,98.0,448,2023-04-25T22:38,-5850,33150
625,363169,86,17900,26000,95.0,4402,2023-04-25T22:38,0,17900
626,2650964,87,48900,53000,98.0,215,2023-04-25T22:38,-7335,41565
627,3051117,88,34300,49000,98.0,65,2023-04-25T22:38,0,34300
628,3088359,89,35100,39000,97.0,23,2023-04-25T22:38,0,35100
629,2573131,90,39900,42000,98.0,742,2023-04-25T22:38,-5985,33915
630,2605850,1,94000,0,97.0,180,2023-04-25T22:38,0,94000
631,3205629,2,175000,219000,0.0,0,2023-04-25T22:38,-8750,166250
632,3250317,3,160550,169000,0.0,0,2023-04-25T22:38,0,160550
633,2568529,4,220000,0,100.0,16,2023-04-25T22:38,0,220000
634,2091668,5,339000,0,80.0,1,2023-04-25T22:38,0,339000
635,2457512,6,237300,339000,97.0,39,2023-04-25T22:38,0,237300
636,3196917,7,159000,0,100.0,1,2023-04-25T22:38,0,159000
637,2489894,8,150100,158000,98.0,111,2023-04-25T22:38,0,150100
638,2392489,9,31900,0,97.0,739,2023-04-25T22:38,0,31900
639,1103286,10,94000,0,94.0,785,2023-04-25T22:38,0,94000
640,3099416,11,44910,49900,100.0,3,2023-04-25T22:38,-8982,35928
641,1875664,12,33190,36900,96.0,572,2023-04-25T22:38,0,33190
642,2388209,13,94000,0,97.0,160,2023-04-25T22:38,0,94000
643,1779568,14,54400,64000,95.0,298,2023-04-25T22:38,-8160,46240
644,3228639,15,135150,159000,0.0,0,2023-04-25T22:38,0,135150
645,3148943,16,399000,0,0.0,0,2023-04-25T22:38,0,399000
646,2070402,17,195300,279000,0.0,0,2023-04-25T22:38,0,195300
647,3228623,18,92650,109000,0.0,0,2023-04-25T22:38,0,92650
648,3135234,19,62300,89000,95.0,8,2023-04-25T22:38,-9345,52955
649,3053223,20,179000,0,100.0,4,2023-04-25T22:38,0,179000
650,2070411,21,181300,259000,100.0,5,2023-04-25T22:38,0,181300
651,3196981,22,129000,0,0.0,0,2023-04-25T22:38,0,129000
652,2392491,23,31900,0,96.0,408,2023-04-25T22:38,0,31900
653,3130633,24,149000,0,100.0,6,2023-04-25T22:38,0,149000
654,3146767,25,179000,0,0.0,0,2023-04-25T22:38,-32220,146780
655,3227586,26,159000,0,0.0,0,2023-04-25T22:38,0,159000
656,2609254,27,349000,0,0.0,0,2023-04-25T22:38,0,349000
657,3130639,28,169000,0,0.0,0,2023-04-25T22:38,0,169000
658,3228617,29,126650,149000,0.0,0,2023-04-25T22:38,0,126650
659,3184268,30,319000,0,0.0,0,2023-04-25T22:38,-15950,303050
660,1455772,31,94000,0,96.0,212,2023-04-25T22:38,0,94000
661,3208841,32,69900,0,0.0,0,2023-04-25T22:38,-13980,55920
662,2512635,33,35400,59000,96.0,234,2023-04-25T22:38,0,35400
663,3202313,34,75200,94000,100.0,1,2023-04-25T22:38,0,75200
664,3165306,35,98100,109000,90.0,2,2023-04-25T22:38,0,98100
665,3206508,36,150100,158000,0.0,0,2023-04-25T22:38,-7505,142595
666,1871030,37,133600,167000,95.0,102,2023-04-25T22:38,0,133600
667,2377832,38,195000,0,95.0,179,2023-04-25T22:38,0,195000
668,3203207,39,264000,0,0.0,0,2023-04-25T22:38,0,264000
669,1875663,40,33190,36900,95.0,837,2023-04-25T22:38,0,33190
670,3214914,41,239000,289000,0.0,0,2023-04-25T22:38,-11950,227050
671,3187364,42,59900,0,0.0,0,2023-04-25T22:38,-11980,47920
672,2612357,43,69000,139000,96.0,17,2023-04-25T22:38,-10350,58650
673,3041848,44,168000,0,100.0,5,2023-04-25T22:38,0,168000
674,3084760,45,119000,0,100.0,2,2023-04-25T22:38,0,119000
675,3039222,46,79050,93000,100.0,8,2023-04-25T22:38,-11858,67192
676,2568515,47,220000,0,100.0,1,2023-04-25T22:38,0,220000
677,3215077,48,228000,0,0.0,0,2023-04-25T22:38,0,228000
678,2451886,49,229000,0,0.0,0,2023-04-25T22:38,0,229000
679,2098150,50,189000,0,88.0,30,2023-04-25T22:38,0,189000
680,3102304,51,220000,0,0.0,0,2023-04-25T22:38,0,220000
681,3077360,52,98000,0,97.0,7,2023-04-25T22:38,0,98000
682,1961152,53,216600,228000,99.0,20,2023-04-25T22:38,0,216600
683,2848613,54,86900,0,100.0,3,2023-04-25T22:38,0,86900
684,2562733,55,218000,0,0.0,0,2023-04-25T22:38,0,218000
685,3196932,56,159000,0,100.0,2,2023-04-25T22:38,0,159000
686,2591993,57,218000,0,0.0,0,2023-04-25T22:38,0,218000
687,2778934,58,62300,89000,98.0,46,2023-04-25T22:38,-12460,49840
688,3165309,59,98100,109000,0.0,0,2023-04-25T22:38,0,98100
689,2153636,60,173600,248000,98.0,31,2023-04-25T22:38,0,173600
690,2930805,61,208000,0,80.0,1,2023-04-25T22:38,0,208000
691,3242707,62,198000,0,0.0,0,2023-04-25T22:38,0,198000
692,3081776,63,199000,0,0.0,0,2023-04-25T22:38,0,199000
693,2116167,64,191200,315000,0.0,0,2023-04-25T22:38,0,191200
694,3251834,65,169000,0,0.0,0,2023-04-25T22:38,0,169000
695,2451885,66,198000,0,100.0,1,2023-04-25T22:38,0,198000
696,3155026,67,54600,78000,100.0,8,2023-04-25T22:38,-8190,46410
697,3144157,68,103550,109000,0.0,0,2023-04-25T22:38,0,103550
698,2712722,69,46900,79000,96.0,32,2023-04-25T22:38,0,46900
699,2572732,70,195000,0,0.0,0,2023-04-25T22:38,0,195000
700,3126193,71,63200,79000,93.0,9,2023-04-25T22:38,-9480,53720
701,3053218,72,159000,0,90.0,4,2023-04-25T22:38,0,159000
702,3251144,73,188100,198000,0.0,0,2023-04-25T22:38,0,188100
703,2970896,74,189000,0,0.0,0,2023-04-25T22:38,0,189000
704,3174230,75,179000,0,0.0,0,2023-04-25T22:38,-32220,146780
705,3050856,76,189000,0,92.0,14,2023-04-25T22:38,0,189000
706,3156832,77,89000,0,95.0,4,2023-04-25T22:38,0,89000
707,3053219,78,159000,0,100.0,2,2023-04-25T22:38,0,159000
708,2459537,79,188100,198000,0.0,0,2023-04-25T22:38,0,188100
709,2612807,80,178000,0,0.0,0,2023-04-25T22:38,0,178000
710,3233569,81,180500,190000,0.0,0,2023-04-25T22:38,-32490,148010
711,3156838,82,179000,0,0.0,0,2023-04-25T22:38,0,179000
712,2621820,83,176000,0,0.0,0,2023-04-25T22:38,0,176000
713,3102249,84,165000,0,0.0,0,2023-04-25T22:38,0,165000
714,3250596,85,168000,0,0.0,0,2023-04-25T22:38,0,168000
715,1421770,86,165600,184000,95.0,41,2023-04-25T22:38,0,165600
716,1855136,87,178000,0,0.0,0,2023-04-25T22:38,-26700,151300
717,3189866,88,148000,0,0.0,0,2023-04-25T22:38,0,148000
718,2620217,89,159600,228000,97.0,7,2023-04-25T22:38,0,159600
719,3099001,90,159000,0,0.0,0,2023-04-25T22:38,0,159000
720,3228597,1,75650,89000,0.0,0,2023-04-25T22:38,0,75650
721,3058825,2,339000,0,0.0,0,2023-04-25T22:38,0,339000
722,2377814,3,198000,0,96.0,78,2023-04-25T22:38,-35640,162360
723,3081767,4,169000,0,93.0,9,2023-04-25T22:38,0,169000
724,3144417,5,71100,79000,100.0,3,2023-04-25T22:38,0,71100
725,2551401,6,37900,0,94.0,349,2023-04-25T22:38,0,37900
726,2864414,7,69300,99000,95.0,104,2023-04-25T22:38,-10395,58905
727,2830808,8,139000,0,97.0,15,2023-04-25T22:38,0,139000
728,2716675,9,39900,59000,96.0,198,2023-04-25T22:38,-5985,33915
729,3051039,10,83300,119000,100.0,45,2023-04-25T22:38,0,83300
730,3051192,11,109000,0,95.0,26,2023-04-25T22:38,0,109000
731,3051709,12,43900,0,100.0,3,2023-04-25T22:38,0,43900
732,2806614,13,119000,0,97.0,119,2023-04-25T22:38,0,119000
733,3098638,14,179550,189000,0.0,0,2023-04-25T22:38,-32319,147231
734,3242648,15,359000,0,0.0,0,2023-04-25T22:38,0,359000
735,2755918,16,119000,0,100.0,2,2023-04-25T22:38,0,119000
736,3000422,17,59000,0,96.0,48,2023-04-25T22:38,0,59000
737,2739414,18,118000,0,92.0,13,2023-04-25T22:38,0,118000
738,3144257,19,66000,82000,75.0,4,2023-04-25T22:38,-9900,56100
739,1645760,20,43900,0,96.0,353,2023-04-25T22:38,0,43900
740,3212802,21,338000,0,0.0,0,2023-04-25T22:38,-50700,287300
741,2117249,22,29590,32900,94.0,467,2023-04-25T22:38,-2959,26631
742,2925522,23,65000,0,96.0,141,2023-04-25T22:38,0,65000
743,2830788,24,139000,0,96.0,26,2023-04-25T22:38,0,139000
744,3112821,25,304000,320000,100.0,1,2023-04-25T22:38,-50000,254000
745,2643318,26,138000,0,94.0,18,2023-04-25T22:38,-24840,113160
746,2408705,27,306000,340000,0.0,0,2023-04-25T22:38,-50000,256000
747,3158889,28,79900,89000,0.0,0,2023-04-25T22:38,-7990,71910
748,2830762,29,139000,0,99.0,49,2023-04-25T22:38,0,139000
749,3190572,30,264000,378000,100.0,1,2023-04-25T22:38,-47520,216480
750,3126722,31,132800,149000,0.0,0,2023-04-25T22:38,0,132800
751,3167926,32,259000,0,0.0,0,2023-04-25T22:38,-46620,212380
752,3040745,33,93500,110000,95.0,22,2023-04-25T22:38,-14025,79475
753,3038073,34,89100,99000,96.0,5,2023-04-25T22:38,0,89100
754,2535468,35,236600,338000,94.0,11,2023-04-25T22:38,-42588,194012
755,3210874,36,79200,99000,100.0,1,2023-04-25T22:38,0,79200
756,3242443,37,129000,0,0.0,0,2023-04-25T22:38,0,129000
757,3125457,38,49900,89900,88.0,10,2023-04-25T22:38,0,49900
758,2644749,39,118000,0,100.0,12,2023-04-25T22:38,-21240,96760
759,2978103,40,40690,47900,98.0,17,2023-04-25T22:38,0,40690
760,2413549,41,116100,129000,99.0,45,2023-04-25T22:38,-20898,95202
761,3144894,42,93000,0,80.0,3,2023-04-25T22:38,0,93000
762,2017521,43,218000,0,0.0,0,2023-04-25T22:38,0,218000
763,3174804,44,223200,248000,0.0,0,2023-04-25T22:38,-40176,183024
764,3062952,45,98100,109000,100.0,21,2023-04-25T22:38,0,98100
765,2377805,46,198000,0,94.0,22,2023-04-25T22:38,-35640,162360
766,3031104,47,48300,69000,98.0,77,2023-04-25T22:38,-7245,41055
767,2836351,48,46080,72000,96.0,493,2023-04-25T22:38,-6912,39168
768,3040758,49,94400,111000,91.0,29,2023-04-25T22:38,-14160,80240
769,2684088,50,220000,349000,0.0,0,2023-04-25T22:38,0,220000
770,3031438,51,219000,0,0.0,0,2023-04-25T22:38,-39420,179580
771,3201000,52,113050,119000,0.0,0,2023-04-25T22:38,0,113050
772,3105866,53,89000,0,97.0,8,2023-04-25T22:38,-13350,75650
773,2551400,54,39900,0,93.0,163,2023-04-25T22:38,0,39900
774,2921957,55,194000,0,90.0,6,2023-04-25T22:38,0,194000
775,3202638,56,48300,69000,0.0,0,2023-04-25T22:38,-7245,41055
776,3133082,57,171000,0,91.0,7,2023-04-25T22:38,0,171000
777,3100908,58,198000,0,0.0,0,2023-04-25T22:38,-35640,162360
778,3070528,59,168000,0,96.0,6,2023-04-25T22:38,0,168000
779,3049792,60,71100,79000,100.0,15,2023-04-25T22:38,-10665,60435
780,3122278,61,160200,178000,100.0,2,2023-04-25T22:38,-28836,131364
781,2756335,62,125400,132000,96.0,73,2023-04-25T22:38,0,125400
782,3051710,63,43900,0,0.0,0,2023-04-25T22:38,0,43900
783,3118896,64,64800,72000,100.0,10,2023-04-25T22:38,0,64800
784,3058721,65,86400,96000,94.0,10,2023-04-25T22:38,-15552,70848
785,3135305,66,38500,55000,100.0,8,2023-04-25T22:38,-5775,32725
786,3105350,67,52000,65000,96.0,13,2023-04-25T22:38,0,52000
787,2771725,68,166600,238000,94.0,17,2023-04-25T22:38,-29988,136612
788,1645762,69,39390,43900,94.0,356,2023-04-25T22:38,0,39390
789,1324169,70,29900,0,95.0,1362,2023-04-25T22:38,0,29900
790,2378594,71,88200,98000,95.0,132,2023-04-25T22:38,0,88200
791,3252739,72,168000,0,0.0,0,2023-04-25T22:38,0,168000
792,3117818,73,178000,0,0.0,0,2023-04-25T22:38,0,178000
793,3212381,74,91000,118000,0.0,0,2023-04-25T22:38,0,91000
794,3081768,75,169000,0,100.0,3,2023-04-25T22:38,0,169000
795,2246185,76,174400,218000,100.0,3,2023-04-25T22:38,-31392,143008
796,3227713,77,80100,89000,100.0,1,2023-04-25T22:38,-4005,76095
797,3228592,78,75650,89000,0.0,0,2023-04-25T22:38,0,75650
798,1788995,79,58500,65000,94.0,571,2023-04-25T22:38,-8775,49725
799,2914815,80,151200,189000,96.0,5,2023-04-25T22:38,0,151200
800,3200164,81,139000,0,100.0,1,2023-04-25T22:38,-25020,113980
801,3101970,82,158000,0,76.0,5,2023-04-25T22:38,0,158000
802,3073254,83,160200,178000,93.0,9,2023-04-25T22:38,-28836,131364
803,3070525,84,148000,0,92.0,8,2023-04-25T22:38,0,148000
804,2867750,85,135000,0,96.0,49,2023-04-25T22:38,0,135000
805,3064827,86,39530,59000,99.0,24,2023-04-25T22:38,-5930,33600
806,2316501,87,38400,64000,94.0,80,2023-04-25T22:38,0,38400
807,3133296,88,143100,159000,0.0,0,2023-04-25T22:38,-21465,121635
808,3170471,89,139000,0,100.0,1,2023-04-25T22:38,0,139000
809,3105564,90,159000,0,0.0,0,2023-04-25T22:38,0,159000
810,991339,1,17890,19900,97.0,53693,2023-04-25T22:38,0,17890
811,1986031,2,23690,27900,97.0,10942,2023-04-25T22:38,0,23690
812,998051,3,15200,24000,97.0,164953,2023-04-25T22:38,0,15200
813,991340,4,15890,19900,97.0,31147,2023-04-25T22:38,0,15890
814,763821,5,16200,22000,96.0,31596,2023-04-25T22:38,0,16200
815,1477845,6,15400,22000,96.0,9902,2023-04-25T22:38,0,15400
816,1094835,7,15900,0,97.0,6331,2023-04-25T22:38,0,15900
817,1996702,8,25090,27900,97.0,1979,2023-04-25T22:38,0,25090
818,792919,9,15190,16900,96.0,18023,2023-04-25T22:38,0,15190
819,1094748,10,19900,0,97.0,19365,2023-04-25T22:38,0,19900
820,1996705,11,23690,27900,98.0,2768,2023-04-25T22:38,0,23690
821,1342874,12,16900,33000,97.0,13178,2023-04-25T22:38,0,16900
822,746158,13,19390,22900,96.0,20596,2023-04-25T22:38,0,19390
823,1986029,14,25090,27900,97.0,4028,2023-04-25T22:38,0,25090
824,2845854,15,13000,18900,97.0,331,2023-04-25T22:38,-2600,10400
825,991341,16,16890,19900,96.0,10315,2023-04-25T22:38,0,16890
826,991570,17,13300,20000,97.0,19233,2023-04-25T22:38,0,13300
827,1443937,18,12900,24000,97.0,8302,2023-04-25T22:38,0,12900
828,734085,19,13200,19800,96.0,65322,2023-04-25T22:38,0,13200
829,792920,20,15190,16900,96.0,9724,2023-04-25T22:38,0,15190
830,1986030,21,25090,27900,97.0,1728,2023-04-25T22:38,0,25090
831,3033249,22,15000,0,95.0,299,2023-04-25T22:38,0,15000
832,746154,23,17900,0,96.0,5233,2023-04-25T22:38,0,17900
833,479245,24,15400,22000,93.0,5459,2023-04-25T22:38,0,15400
834,3009680,25,12590,14900,98.0,163,2023-04-25T22:38,0,12590
835,2297277,26,19900,22000,96.0,331,2023-04-25T22:38,0,19900
836,1996704,27,22290,27900,97.0,730,2023-04-25T22:38,0,22290
837,1346009,28,9500,12000,97.0,6789,2023-04-25T22:38,-1425,8075
838,1092994,29,19390,22900,96.0,2679,2023-04-25T22:38,0,19390
839,1094837,30,13490,15900,96.0,1786,2023-04-25T22:38,0,13490
840,2832613,31,11900,33000,97.0,846,2023-04-25T22:38,0,11900
841,2960555,32,19000,0,94.0,133,2023-04-25T22:38,0,19000
842,1062063,33,9490,15900,96.0,2196,2023-04-25T22:38,0,9490
843,746159,34,19390,22900,95.0,28769,2023-04-25T22:38,0,19390
844,1729576,35,9600,13900,97.0,16434,2023-04-25T22:38,-1440,8160
845,1094750,36,16890,19900,97.0,3594,2023-04-25T22:38,0,16890
846,2821598,37,19390,22900,97.0,173,2023-04-25T22:38,0,19390
847,2821588,38,19690,21900,97.0,60,2023-04-25T22:38,0,19690
848,3220486,39,18000,0,84.0,5,2023-04-25T22:38,0,18000
849,2829586,40,13000,18900,97.0,39,2023-04-25T22:38,-2600,10400
850,1821485,41,30000,0,96.0,1304,2023-04-25T22:38,0,30000
851,792921,42,15190,16900,95.0,7835,2023-04-25T22:38,0,15190
852,2011850,43,21490,23900,98.0,877,2023-04-25T22:38,0,21490
853,2959925,44,22000,27500,98.0,139,2023-04-25T22:38,-1100,20900
854,2347097,45,14900,24000,98.0,1646,2023-04-25T22:38,-2235,12665
855,2011852,46,21490,23900,97.0,1330,2023-04-25T22:38,0,21490
856,1260383,47,19900,0,95.0,1469,2023-04-25T22:38,0,19900
857,2509300,48,19900,0,96.0,404,2023-04-25T22:38,0,19900
858,1475055,49,16200,22000,96.0,1191,2023-04-25T22:38,-2430,13770
859,1974077,50,37490,46900,97.0,913,2023-04-25T22:38,0,37490
860,1094834,51,20290,23900,96.0,2481,2023-04-25T22:38,0,20290
861,2870865,52,15900,19900,95.0,75,2023-04-25T22:38,-3180,12720
862,2973095,53,20000,25000,98.0,33,2023-04-25T22:38,-1000,19000
863,2973894,54,22000,27500,98.0,33,2023-04-25T22:38,-1100,20900
864,1260388,55,20900,0,95.0,697,2023-04-25T22:38,0,20900
865,2346958,56,18200,24000,98.0,544,2023-04-25T22:38,-2730,15470
866,2295818,57,19900,22000,95.0,191,2023-04-25T22:38,0,19900
867,3129048,58,19000,0,100.0,12,2023-04-25T22:38,-1900,17100
868,2342849,59,15120,18900,92.0,131,2023-04-25T22:38,0,15120
869,1348077,60,10900,16500,97.0,1895,2023-04-25T22:38,0,10900
870,1094836,61,15900,0,97.0,1335,2023-04-25T22:38,0,15900
871,1286366,62,12500,24000,97.0,9865,2023-04-25T22:38,0,12500
872,2477852,63,16890,19900,98.0,696,2023-04-25T22:38,0,16890
873,1094749,64,19900,0,96.0,4994,2023-04-25T22:38,0,19900
874,2477854,65,16890,19900,98.0,1487,2023-04-25T22:38,0,16890
875,1358721,66,14200,22000,96.0,1165,2023-04-25T22:38,-2130,12070
876,1121544,67,15190,16900,96.0,874,2023-04-25T22:38,0,15190
877,1062062,68,16890,19900,96.0,1464,2023-04-25T22:38,0,16890
878,1821487,69,30000,0,97.0,685,2023-04-25T22:38,0,30000
879,1777081,70,8000,12800,96.0,1289,2023-04-25T22:38,0,8000
880,2618262,71,39200,49000,97.0,35,2023-04-25T22:38,-1960,37240
881,746157,72,16090,17900,95.0,996,2023-04-25T22:38,0,16090
882,2821597,73,22900,0,98.0,111,2023-04-25T22:38,0,22900
883,1392777,74,11890,19900,96.0,390,2023-04-25T22:38,0,11890
884,472686,75,9500,14800,94.0,778,2023-04-25T22:38,0,9500
885,2821591,76,15590,20900,96.0,120,2023-04-25T22:38,0,15590
886,2929635,77,15900,27000,97.0,577,2023-04-25T22:38,0,15900
887,1346070,78,9500,12000,97.0,1909,2023-04-25T22:38,-1425,8075
888,2835702,79,13900,15800,97.0,85,2023-04-25T22:38,0,13900
889,2959926,80,14850,16500,98.0,169,2023-04-25T22:38,-743,14107
890,746155,81,17900,0,95.0,1276,2023-04-25T22:38,0,17900
891,2652498,82,9500,12000,98.0,124,2023-04-25T22:38,-1425,8075
892,1547562,83,15400,22000,95.0,1384,2023-04-25T22:38,0,15400
893,2829802,84,13000,18900,96.0,32,2023-04-25T22:38,-2600,10400
894,2821592,85,15590,20900,98.0,155,2023-04-25T22:38,0,15590
895,1717607,86,13200,20800,96.0,2188,2023-04-25T22:38,-1980,11220
896,1260384,87,19900,0,95.0,1812,2023-04-25T22:38,0,19900
897,752821,88,9900,0,95.0,23900,2023-04-25T22:38,0,9900
898,2821589,89,19690,21900,96.0,44,2023-04-25T22:38,0,19690
899,2467197,90,30000,0,95.0,151,2023-04-25T22:38,0,30000
