,item_id,rank,price,del_price,rating,rating_count,time,coupon,real_price
0,3257423,1,69300,99000,0.0,0,2023-04-28T00:25,0,69300
1,3105468,2,63200,79000,98.0,151,2023-04-28T00:25,0,63200
2,3163734,3,63200,79000,98.0,164,2023-04-28T00:25,0,63200
3,1848797,4,169000,0,96.0,116,2023-04-28T00:25,0,169000
4,2272830,5,35910,39900,97.0,21069,2023-04-28T00:25,-7182,28728
5,1763157,6,49300,52000,95.0,3005,2023-04-28T00:25,0,49300
6,3105527,7,111200,139000,96.0,16,2023-04-28T00:25,-16680,94520
7,1848166,8,34300,49000,97.0,41710,2023-04-28T00:25,-3430,30870
8,3163735,9,63200,79000,100.0,34,2023-04-28T00:25,0,63200
9,2442409,10,27300,78000,96.0,9451,2023-04-28T00:25,0,27300
10,3105470,11,63200,79000,98.0,91,2023-04-28T00:25,0,63200
11,345889,12,29900,47900,96.0,10578,2023-04-28T00:25,0,29900
12,3105520,13,111200,139000,98.0,34,2023-04-28T00:25,-16680,94520
13,3163733,14,63200,79000,98.0,35,2023-04-28T00:25,0,63200
14,3163730,15,63200,79000,99.0,40,2023-04-28T00:25,0,63200
15,1201421,16,199000,0,95.0,158,2023-04-28T00:25,0,199000
16,3204179,17,49900,0,98.0,71,2023-04-28T00:25,0,49900
17,1921901,18,36900,70500,96.0,7794,2023-04-28T00:25,0,36900
18,2645415,19,55300,79000,98.0,358,2023-04-28T00:25,0,55300
19,3163729,20,63200,79000,97.0,41,2023-04-28T00:25,0,63200
20,2381749,21,90300,129000,98.0,1062,2023-04-28T00:25,0,90300
21,2086653,22,16900,0,97.0,41130,2023-04-28T00:25,0,16900
22,3187851,23,49900,110000,96.0,452,2023-04-28T00:25,-4990,44910
23,1939099,24,31850,49000,97.0,12224,2023-04-28T00:25,-6370,25480
24,1944612,25,35800,59700,97.0,3221,2023-04-28T00:25,0,35800
25,3105406,26,109650,129000,94.0,11,2023-04-28T00:25,0,109650
26,3214280,27,47778,82000,98.0,400,2023-04-28T00:25,-4778,43000
27,2479911,28,49400,76000,97.0,4715,2023-04-28T00:25,-2470,46930
28,1884943,29,27900,39000,96.0,19206,2023-04-28T00:25,-4185,23715
29,2575342,30,39900,59000,96.0,1024,2023-04-28T00:25,-3990,35910
30,3214271,31,47778,82000,98.0,242,2023-04-28T00:25,-4778,43000
31,2285512,32,49300,52000,96.0,1905,2023-04-28T00:25,-2465,46835
32,3043740,33,49700,59000,98.0,83,2023-04-28T00:25,-2485,47215
33,3219911,34,69900,118000,96.0,73,2023-04-28T00:25,-6990,62910
34,1882578,35,35910,39900,97.0,10914,2023-04-28T00:25,-7182,28728
35,3201923,36,87200,109000,100.0,6,2023-04-28T00:25,-13080,74120
36,1899755,37,27900,39000,96.0,5170,2023-04-28T00:25,-4185,23715
37,3214275,38,47778,82000,98.0,404,2023-04-28T00:25,-4778,43000
38,3134406,39,53910,59900,99.0,317,2023-04-28T00:25,-10782,43128
39,3046771,40,39560,46000,98.0,188,2023-04-28T00:25,0,39560
40,2462040,41,38000,45000,95.0,4101,2023-04-28T00:25,-5700,32300
41,2646350,42,59800,94000,95.0,5163,2023-04-28T00:25,-5980,53820
42,1498105,43,189000,0,97.0,2105,2023-04-28T00:25,0,189000
43,2453556,44,39900,42000,97.0,6521,2023-04-28T00:25,0,39900
44,3042516,45,42000,65000,96.0,251,2023-04-28T00:25,-4200,37800
45,3064420,46,61500,69000,98.0,163,2023-04-28T00:25,-3075,58425
46,3143791,47,45900,68000,97.0,839,2023-04-28T00:25,-9180,36720
47,2034137,48,31800,0,97.0,18491,2023-04-28T00:25,-4770,27030
48,2398380,49,27000,45000,96.0,1854,2023-04-28T00:25,-2700,24300
49,3214285,50,47778,82000,98.0,531,2023-04-28T00:25,-4778,43000
50,2913659,51,47900,64000,96.0,404,2023-04-28T00:25,-9580,38320
51,2377269,52,45000,0,97.0,4356,2023-04-28T00:25,0,45000
52,1763123,53,80100,89000,96.0,1718,2023-04-28T00:25,0,80100
53,2409894,54,27300,78000,97.0,5335,2023-04-28T00:25,0,27300
54,3242956,55,96000,0,96.0,12,2023-04-28T00:25,-4800,91200
55,3163719,56,119000,0,100.0,13,2023-04-28T00:25,0,119000
56,3129117,57,45000,0,98.0,79,2023-04-28T00:25,-4500,40500
57,1503352,58,39900,42000,97.0,8604,2023-04-28T00:25,0,39900
58,2623779,59,88200,98000,98.0,113,2023-04-28T00:25,0,88200
59,1842348,60,79200,99000,96.0,3069,2023-04-28T00:25,-11880,67320
60,2015684,61,39000,0,94.0,6552,2023-04-28T00:25,0,39000
61,2032985,62,89250,119000,97.0,1904,2023-04-28T00:25,0,89250
62,3176118,63,65550,69000,97.0,109,2023-04-28T00:25,-9833,55717
63,1779737,64,20800,32000,96.0,7547,2023-04-28T00:25,-3120,17680
64,2560614,65,97300,139000,97.0,733,2023-04-28T00:25,0,97300
65,2149254,66,37800,0,97.0,34762,2023-04-28T00:25,-5670,32130
66,3214283,67,47778,82000,98.0,294,2023-04-28T00:25,-4778,43000
67,3105517,68,63200,79000,98.0,54,2023-04-28T00:25,0,63200
68,3070584,69,58000,0,97.0,78,2023-04-28T00:25,0,58000
69,2364807,70,219000,0,96.0,747,2023-04-28T00:25,0,219000
70,2376233,71,32400,36000,97.0,2355,2023-04-28T00:25,0,32400
71,2426596,72,34400,43000,96.0,3075,2023-04-28T00:25,-5160,29240
72,1836749,73,119000,0,95.0,27,2023-04-28T00:25,0,119000
73,3125099,74,29900,39000,96.0,43,2023-04-28T00:25,-5980,23920
74,2560619,75,97300,139000,97.0,372,2023-04-28T00:25,0,97300
75,3258047,76,48000,0,0.0,0,2023-04-28T00:25,0,48000
76,2461377,77,169000,0,96.0,356,2023-04-28T00:25,0,169000
77,3242950,78,96000,0,100.0,15,2023-04-28T00:25,-4800,91200
78,2370575,79,29250,39000,95.0,934,2023-04-28T00:25,0,29250
79,1955452,80,39800,69990,95.0,2813,2023-04-28T00:25,0,39800
80,2381748,81,90300,129000,97.0,536,2023-04-28T00:25,0,90300
81,1336398,82,33500,67000,96.0,19284,2023-04-28T00:25,-6700,26800
82,1005683,83,14000,35000,95.0,11227,2023-04-28T00:25,0,14000
83,2376229,84,32400,36000,97.0,4007,2023-04-28T00:25,0,32400
84,996177,85,15900,0,95.0,78232,2023-04-28T00:25,0,15900
85,994588,86,39900,53000,94.0,6218,2023-04-28T00:25,-7980,31920
86,1954330,87,27200,32000,96.0,275,2023-04-28T00:25,0,27200
87,3046818,88,39560,46000,98.0,136,2023-04-28T00:25,0,39560
88,1846930,89,17500,39000,96.0,8487,2023-04-28T00:25,0,17500
89,3129723,90,31200,39000,97.0,135,2023-04-28T00:25,-4680,26520
90,3010527,1,237150,279000,97.0,298,2023-04-28T00:25,0,237150
91,1558197,2,69590,81900,97.0,33198,2023-04-28T00:25,0,69590
92,1778404,3,39000,45000,96.0,68648,2023-04-28T00:25,-5850,33150
93,3162829,4,660000,0,0.0,0,2023-04-28T00:25,0,660000
94,2723218,5,69900,85900,97.0,3196,2023-04-28T00:25,-10485,59415
95,2718414,6,134100,149000,97.0,878,2023-04-28T00:25,0,134100
96,3162818,7,520000,0,0.0,0,2023-04-28T00:25,0,520000
97,3010431,8,159000,0,97.0,164,2023-04-28T00:25,0,159000
98,3010524,9,237150,279000,99.0,85,2023-04-28T00:25,0,237150
99,1283757,10,71290,83900,96.0,26992,2023-04-28T00:25,0,71290
100,1856181,11,35910,39900,97.0,8633,2023-04-28T00:25,-7182,28728
101,2381781,12,186750,249000,98.0,880,2023-04-28T00:25,0,186750
102,2329532,13,119200,149000,97.0,4164,2023-04-28T00:25,0,119200
103,2718413,14,134100,149000,97.0,1510,2023-04-28T00:25,0,134100
104,2683549,15,111750,149000,97.0,2658,2023-04-28T00:25,0,111750
105,1776552,16,59000,69000,94.0,6315,2023-04-28T00:25,-8850,50150
106,2343198,17,119000,129000,97.0,5382,2023-04-28T00:25,-17850,101150
107,1790383,18,54700,86000,95.0,5975,2023-04-28T00:25,-8205,46495
108,3012082,19,59900,79000,96.0,1325,2023-04-28T00:25,0,59900
109,1571879,20,79900,112900,96.0,7305,2023-04-28T00:25,0,79900
110,1737051,21,62300,89000,96.0,5213,2023-04-28T00:25,-12460,49840
111,1139192,22,66400,94900,97.0,14567,2023-04-28T00:25,-9960,56440
112,1108007,23,67890,79900,95.0,48053,2023-04-28T00:25,0,67890
113,1778408,24,39000,45000,95.0,12003,2023-04-28T00:25,-5850,33150
114,2471405,25,89000,138000,97.0,2260,2023-04-28T00:25,0,89000
115,3125671,26,148000,0,98.0,34,2023-04-28T00:25,0,148000
116,2357957,27,111750,149000,97.0,2281,2023-04-28T00:25,0,111750
117,2732486,28,99000,179000,98.0,866,2023-04-28T00:25,0,99000
118,3029811,29,63200,79000,96.0,350,2023-04-28T00:25,-12640,50560
119,3054935,30,89900,0,96.0,118,2023-04-28T00:25,0,89900
120,2061715,31,79900,105000,97.0,2881,2023-04-28T00:25,0,79900
121,2288426,32,69000,109000,94.0,879,2023-04-28T00:25,-10350,58650
122,1558683,33,69590,81900,97.0,6384,2023-04-28T00:25,0,69590
123,3046899,34,79900,105000,97.0,167,2023-04-28T00:25,-23970,55930
124,2329533,35,119200,149000,97.0,1444,2023-04-28T00:25,0,119200
125,3100493,36,139000,0,97.0,98,2023-04-28T00:25,0,139000
126,1576700,37,89000,129000,97.0,17203,2023-04-28T00:25,-13350,75650
127,2375909,38,76390,89900,98.0,1689,2023-04-28T00:25,0,76390
128,946995,39,106250,125000,94.0,2919,2023-04-28T00:25,-15938,90312
129,1567183,40,71175,94900,97.0,7559,2023-04-28T00:25,-10677,60498
130,1776365,41,53400,89000,96.0,4716,2023-04-28T00:25,-8010,45390
131,1969617,42,162000,0,96.0,2728,2023-04-28T00:25,0,162000
132,1291017,43,67900,96000,95.0,13227,2023-04-28T00:25,0,67900
133,1530516,44,69900,79000,96.0,2545,2023-04-28T00:25,0,69900
134,2444808,45,75490,83900,97.0,743,2023-04-28T00:25,0,75490
135,3037473,46,69900,85900,95.0,410,2023-04-28T00:25,-10485,59415
136,1576682,47,228050,339000,97.0,8704,2023-04-28T00:25,-34208,193842
137,3142080,48,440000,0,97.0,26,2023-04-28T00:25,0,440000
138,2572705,49,168300,198000,96.0,77,2023-04-28T00:25,-28611,139689
139,2064545,50,59800,94000,97.0,11499,2023-04-28T00:25,-2990,56810
140,1833230,51,95200,136000,97.0,5543,2023-04-28T00:25,-14280,80920
141,2779952,52,279000,0,96.0,204,2023-04-28T00:25,-55800,223200
142,2572700,53,168300,198000,96.0,40,2023-04-28T00:25,-28611,139689
143,1776549,54,59000,69000,94.0,4673,2023-04-28T00:25,-8850,50150
144,3092776,55,139900,0,100.0,3,2023-04-28T00:25,-20985,118915
145,3105458,56,111750,149000,98.0,18,2023-04-28T00:25,0,111750
146,2788216,57,146000,159000,98.0,214,2023-04-28T00:25,-21900,124100
147,1530517,58,69900,79000,96.0,2270,2023-04-28T00:25,0,69900
148,2723216,59,69900,85900,97.0,1290,2023-04-28T00:25,-10485,59415
149,1195307,60,87550,103000,96.0,12830,2023-04-28T00:25,-13133,74417
150,3037468,61,39700,68500,97.0,115,2023-04-28T00:25,0,39700
151,3033083,62,69760,109000,97.0,78,2023-04-28T00:25,-20928,48832
152,3010441,63,186750,249000,98.0,132,2023-04-28T00:25,0,186750
153,1618312,64,83900,0,97.0,7328,2023-04-28T00:25,-8390,75510
154,3033224,65,59900,74000,97.0,936,2023-04-28T00:25,0,59900
155,3010433,66,159000,0,100.0,28,2023-04-28T00:25,0,159000
156,2149525,67,65490,81900,97.0,1138,2023-04-28T00:25,0,65490
157,411209,68,279000,0,97.0,10117,2023-04-28T00:25,-41850,237150
158,2159724,69,29900,32000,95.0,2508,2023-04-28T00:25,0,29900
159,3209966,70,69800,101000,100.0,19,2023-04-28T00:25,-6980,62820
160,1558677,71,81900,0,97.0,1615,2023-04-28T00:25,0,81900
161,3244733,72,268000,0,0.0,0,2023-04-28T00:25,-13400,254600
162,3080043,73,69300,99000,95.0,76,2023-04-28T00:25,-13860,55440
163,3054936,74,89900,0,100.0,27,2023-04-28T00:25,0,89900
164,3092777,75,139900,0,96.0,21,2023-04-28T00:25,-20985,118915
165,3064778,76,111750,149000,97.0,84,2023-04-28T00:25,0,111750
166,2407203,77,148500,165000,97.0,355,2023-04-28T00:25,0,148500
167,1776550,78,59000,69000,94.0,4226,2023-04-28T00:25,-8850,50150
168,2330481,79,210800,248000,97.0,153,2023-04-28T00:25,-31620,179180
169,1337094,80,69900,0,95.0,5574,2023-04-28T00:25,0,69900
170,2110493,81,389000,0,96.0,675,2023-04-28T00:25,0,389000
171,2683550,82,111750,149000,96.0,588,2023-04-28T00:25,0,111750
172,2292229,83,1305000,1450000,95.0,4,2023-04-28T00:25,-130500,1174500
173,3037477,84,69900,85900,97.0,362,2023-04-28T00:25,-10485,59415
174,2288704,85,121000,132000,97.0,3634,2023-04-28T00:25,-18150,102850
175,3029809,86,63200,79000,98.0,172,2023-04-28T00:25,-12640,50560
176,1571878,87,79900,112900,96.0,4880,2023-04-28T00:25,0,79900
177,2668986,88,35910,39900,96.0,3756,2023-04-28T00:25,-7182,28728
178,1873073,89,67090,83900,97.0,4158,2023-04-28T00:25,0,67090
179,1593755,90,89300,111700,97.0,14571,2023-04-28T00:25,-13395,75905
180,2358429,1,119250,159000,98.0,2731,2023-04-28T00:25,0,119250
181,2112059,2,36400,52000,97.0,44564,2023-04-28T00:25,-5460,30940
182,750908,3,34900,54000,96.0,85251,2023-04-28T00:25,-3490,31410
183,1149329,4,39900,0,96.0,87230,2023-04-28T00:25,0,39900
184,1168906,5,35590,41900,97.0,72214,2023-04-28T00:25,0,35590
185,1924274,6,49900,66000,95.0,22923,2023-04-28T00:25,-4990,44910
186,2060719,7,55200,69000,96.0,5719,2023-04-28T00:25,-5520,49680
187,1551840,8,39000,0,97.0,85355,2023-04-28T00:25,0,39000
188,2092852,9,42000,52800,96.0,11768,2023-04-28T00:25,-4200,37800
189,3034850,10,135150,159000,98.0,177,2023-04-28T00:25,0,135150
190,1573215,11,111000,148000,98.0,9715,2023-04-28T00:25,-16650,94350
191,1926048,12,32000,0,97.0,15292,2023-04-28T00:25,-1600,30400
192,2060717,13,55200,69000,95.0,4183,2023-04-28T00:25,-5520,49680
193,2112061,14,36400,52000,97.0,15467,2023-04-28T00:25,-5460,30940
194,1149328,15,35890,39900,96.0,95054,2023-04-28T00:25,0,35890
195,3182566,16,2659000,3230000,0.0,0,2023-04-28T00:25,0,2659000
196,1370101,17,39000,89000,96.0,23843,2023-04-28T00:25,-1950,37050
197,858911,18,39000,49000,95.0,67555,2023-04-28T00:25,-5850,33150
198,3163721,19,127200,159000,100.0,20,2023-04-28T00:25,0,127200
199,3242780,20,156000,0,100.0,13,2023-04-28T00:25,-7800,148200
200,2060720,21,55200,69000,95.0,2783,2023-04-28T00:25,-5520,49680
201,1568057,22,49600,62000,96.0,22966,2023-04-28T00:25,-7440,42160
202,1323090,23,73600,92000,96.0,6189,2023-04-28T00:25,-11040,62560
203,2107115,24,98500,135000,98.0,11858,2023-04-28T00:25,-14775,83725
204,3242782,25,156000,0,100.0,8,2023-04-28T00:25,-7800,148200
205,3163720,26,127200,159000,93.0,28,2023-04-28T00:25,0,127200
206,1555407,27,70200,78000,97.0,11862,2023-04-28T00:25,-10530,59670
207,2569078,28,59250,79000,96.0,2595,2023-04-28T00:25,-8888,50362
208,3163723,29,135200,169000,100.0,5,2023-04-28T00:25,0,135200
209,3086712,30,41900,85000,96.0,118,2023-04-28T00:25,-4190,37710
210,3010437,31,125100,139000,97.0,170,2023-04-28T00:25,0,125100
211,2028327,32,42390,49900,97.0,9587,2023-04-28T00:25,0,42390
212,1885631,33,39000,49000,96.0,23994,2023-04-28T00:25,-5850,33150
213,1552753,34,70200,78000,97.0,28480,2023-04-28T00:25,-10530,59670
214,2789091,35,79200,99000,97.0,1076,2023-04-28T00:25,-11880,67320
215,3065904,36,149000,0,100.0,19,2023-04-28T00:25,0,149000
216,1222184,37,37690,41900,97.0,48935,2023-04-28T00:25,0,37690
217,2851659,38,460000,966000,100.0,16,2023-04-28T00:25,0,460000
218,2683542,39,119250,159000,97.0,721,2023-04-28T00:25,0,119250
219,2150457,40,119250,159000,97.0,4188,2023-04-28T00:25,-17888,101362
220,2495075,41,49800,72000,95.0,12362,2023-04-28T00:25,-4980,44820
221,1627892,42,43900,0,97.0,11662,2023-04-28T00:25,0,43900
222,1551839,43,39000,0,97.0,24311,2023-04-28T00:25,0,39000
223,1436504,44,41900,0,96.0,9387,2023-04-28T00:25,0,41900
224,2028326,45,49900,0,97.0,6582,2023-04-28T00:25,0,49900
225,1440874,46,39900,0,95.0,15323,2023-04-28T00:25,0,39900
226,2060759,47,59800,74800,97.0,7540,2023-04-28T00:25,-5980,53820
227,2351467,48,29000,54000,96.0,6857,2023-04-28T00:25,0,29000
228,2723714,49,46400,58000,96.0,1896,2023-04-28T00:25,0,46400
229,2060743,50,33000,55000,95.0,3804,2023-04-28T00:25,-3300,29700
230,2184087,51,47200,89000,96.0,4338,2023-04-28T00:25,-2360,44840
231,1764739,52,73600,92000,97.0,2850,2023-04-28T00:25,-11040,62560
232,2725611,53,89600,128000,98.0,2335,2023-04-28T00:25,-13440,76160
233,1985224,54,39000,89000,96.0,2002,2023-04-28T00:25,-1950,37050
234,3163360,55,58800,98000,98.0,253,2023-04-28T00:25,0,58800
235,3105530,56,149000,0,97.0,16,2023-04-28T00:25,0,149000
236,2789111,57,79200,99000,97.0,1102,2023-04-28T00:25,-11880,67320
237,2281982,58,84200,99000,98.0,591,2023-04-28T00:25,-12630,71570
238,3043508,59,71200,89000,98.0,346,2023-04-28T00:25,0,71200
239,3047556,60,64860,69000,97.0,92,2023-04-28T00:25,-6486,58374
240,3154699,61,49800,63000,97.0,225,2023-04-28T00:25,0,49800
241,3044076,62,80100,89000,97.0,71,2023-04-28T00:25,-12015,68085
242,2569079,63,59250,79000,96.0,1220,2023-04-28T00:25,-8888,50362
243,2562527,64,29400,42000,97.0,4375,2023-04-28T00:25,-5880,23520
244,2578996,65,27900,59000,95.0,4876,2023-04-28T00:25,0,27900
245,3242776,66,156000,0,96.0,6,2023-04-28T00:25,-7800,148200
246,890338,67,39000,49000,95.0,48068,2023-04-28T00:25,-5850,33150
247,3134710,68,79900,0,98.0,18,2023-04-28T00:25,-11985,67915
248,2503133,69,42000,52800,96.0,3247,2023-04-28T00:25,-4200,37800
249,1736085,70,39900,59800,96.0,37687,2023-04-28T00:25,0,39900
250,1568032,71,49600,62000,96.0,6413,2023-04-28T00:25,-7440,42160
251,1926034,72,32000,0,97.0,3264,2023-04-28T00:25,-1600,30400
252,2744549,73,49600,62000,97.0,5577,2023-04-28T00:25,-7440,42160
253,1246215,74,49000,65000,96.0,6484,2023-04-28T00:25,-7350,41650
254,1778523,75,39000,49000,96.0,3563,2023-04-28T00:25,-5850,33150
255,3037465,76,45500,56900,95.0,427,2023-04-28T00:25,-6825,38675
256,1168922,77,39490,43900,96.0,18501,2023-04-28T00:25,0,39490
257,1436218,78,39900,68000,95.0,19925,2023-04-28T00:25,-3990,35910
258,1477272,79,44200,68000,96.0,18166,2023-04-28T00:25,-2210,41990
259,1595607,80,57900,89000,97.0,5902,2023-04-28T00:25,-8685,49215
260,2749153,81,66600,74000,97.0,705,2023-04-28T00:25,0,66600
261,1188785,82,49000,65000,94.0,15982,2023-04-28T00:25,-7350,41650
262,2131950,83,39000,49000,96.0,4265,2023-04-28T00:25,-5850,33150
263,890521,84,39800,63000,94.0,11462,2023-04-28T00:25,0,39800
264,3022892,85,39000,49000,96.0,624,2023-04-28T00:25,-5850,33150
265,1826978,86,79000,0,96.0,7100,2023-04-28T00:25,-11850,67150
266,2119984,87,59400,66000,95.0,3078,2023-04-28T00:25,-8910,50490
267,2706287,88,39800,54000,95.0,4387,2023-04-28T00:25,-5970,33830
268,3047822,89,116100,129000,99.0,132,2023-04-28T00:25,-17415,98685
269,1985223,90,39000,89000,96.0,1815,2023-04-28T00:25,-1950,37050
270,1034480,1,135000,150000,97.0,18362,2023-04-28T00:25,0,135000
271,1789507,2,71100,79000,98.0,26427,2023-04-28T00:25,0,71100
272,2235274,3,145000,0,98.0,813,2023-04-28T00:25,0,145000
273,1564343,4,92800,119000,98.0,8209,2023-04-28T00:25,-13920,78880
274,2654166,5,82000,108000,95.0,177,2023-04-28T00:25,-12300,69700
275,3258005,6,168000,0,0.0,0,2023-04-28T00:25,0,168000
276,1969507,7,88000,0,98.0,5634,2023-04-28T00:25,0,88000
277,3258003,8,168000,0,0.0,0,2023-04-28T00:25,0,168000
278,3034751,9,64800,72000,96.0,742,2023-04-28T00:25,0,64800
279,3047568,10,99330,129000,96.0,125,2023-04-28T00:25,0,99330
280,1842449,11,84000,99000,97.0,5566,2023-04-28T00:25,-12600,71400
281,1264107,12,62000,90000,97.0,6576,2023-04-28T00:25,-9300,52700
282,1835080,13,98000,0,97.0,2962,2023-04-28T00:25,0,98000
283,1323612,14,238000,0,97.0,3883,2023-04-28T00:25,-35700,202300
284,2770508,15,138000,0,97.0,383,2023-04-28T00:25,0,138000
285,3158522,16,1920000,2268000,0.0,0,2023-04-28T00:25,0,1920000
286,937527,17,21900,0,96.0,3711,2023-04-28T00:25,0,21900
287,2320927,18,39000,51000,97.0,2444,2023-04-28T00:25,0,39000
288,3038000,19,74700,83000,96.0,560,2023-04-28T00:25,0,74700
289,2279619,20,80100,89000,97.0,503,2023-04-28T00:25,0,80100
290,3161264,21,98100,109000,98.0,145,2023-04-28T00:25,-14715,83385
291,2343665,22,89000,0,97.0,4777,2023-04-28T00:25,0,89000
292,2911057,23,1839000,3820000,0.0,0,2023-04-28T00:25,0,1839000
293,913402,24,83300,98000,95.0,8141,2023-04-28T00:25,-12495,70805
294,3034745,25,75600,84000,98.0,254,2023-04-28T00:25,0,75600
295,2630526,26,100000,0,96.0,739,2023-04-28T00:25,0,100000
296,2066837,27,69000,119000,97.0,6704,2023-04-28T00:25,-10350,58650
297,1969488,28,88000,0,98.0,1851,2023-04-28T00:25,0,88000
298,2754080,29,88000,0,97.0,547,2023-04-28T00:25,0,88000
299,1447194,30,59900,230000,96.0,2995,2023-04-28T00:25,-2995,56905
300,3029926,31,285000,0,99.0,77,2023-04-28T00:25,0,285000
301,2702033,32,127200,159000,97.0,465,2023-04-28T00:25,0,127200
302,342189,33,39500,52000,95.0,15941,2023-04-28T00:25,0,39500
303,2344538,34,119000,0,98.0,6630,2023-04-28T00:25,0,119000
304,3258002,35,168000,0,0.0,0,2023-04-28T00:25,0,168000
305,2344540,36,96000,0,98.0,9541,2023-04-28T00:25,0,96000
306,2390500,37,1895000,3850000,0.0,0,2023-04-28T00:25,-20000,1875000
307,3061872,38,89000,0,95.0,93,2023-04-28T00:25,0,89000
308,2514819,39,54000,66000,97.0,945,2023-04-28T00:25,0,54000
309,1456515,40,49500,55000,97.0,8865,2023-04-28T00:25,-7425,42075
310,2422175,41,145800,162000,98.0,241,2023-04-28T00:25,-21870,123930
311,2911054,42,1098000,1590000,97.0,37,2023-04-28T00:25,0,1098000
312,2930265,43,91000,0,97.0,694,2023-04-28T00:25,0,91000
313,1528287,44,46500,49000,96.0,4793,2023-04-28T00:25,0,46500
314,2577899,45,138000,0,98.0,380,2023-04-28T00:25,0,138000
315,2537631,46,388000,0,100.0,24,2023-04-28T00:25,-77600,310400
316,3042342,47,1209000,0,0.0,0,2023-04-28T00:25,-20000,1189000
317,2979841,48,1115000,1490000,0.0,0,2023-04-28T00:25,0,1115000
318,3024801,49,138000,0,98.0,39,2023-04-28T00:25,0,138000
319,2325729,50,87200,109000,97.0,844,2023-04-28T00:25,-13080,74120
320,2408317,51,145800,162000,96.0,437,2023-04-28T00:25,0,145800
321,3149665,52,98000,0,93.0,26,2023-04-28T00:25,-14700,83300
322,2584181,53,57600,72000,99.0,1257,2023-04-28T00:25,0,57600
323,2789786,54,150100,158000,97.0,295,2023-04-28T00:25,0,150100
324,2890575,55,118000,0,95.0,162,2023-04-28T00:25,0,118000
325,3161077,56,169200,188000,100.0,6,2023-04-28T00:25,-25380,143820
326,2105328,57,55300,79000,97.0,584,2023-04-28T00:25,-8295,47005
327,1758217,58,43900,56000,97.0,13270,2023-04-28T00:25,-4390,39510
328,3129239,59,94000,100000,100.0,3,2023-04-28T00:25,0,94000
329,1744101,60,103500,109000,98.0,2971,2023-04-28T00:25,0,103500
330,3029905,61,395000,0,99.0,60,2023-04-28T00:25,0,395000
331,3034749,62,64800,72000,97.0,581,2023-04-28T00:25,0,64800
332,3045584,63,130500,145000,97.0,3816,2023-04-28T00:25,0,130500
333,2271789,64,71100,79000,97.0,2649,2023-04-28T00:25,0,71100
334,1736022,65,169200,188000,96.0,480,2023-04-28T00:25,0,169200
335,1263004,66,159000,0,97.0,5296,2023-04-28T00:25,0,159000
336,693318,67,75000,110000,96.0,13309,2023-04-28T00:25,-11250,63750
337,2809008,68,970000,1225000,93.0,16,2023-04-28T00:25,-20000,950000
338,1320752,69,67800,135000,97.0,4828,2023-04-28T00:25,0,67800
339,693525,70,42000,65000,96.0,4110,2023-04-28T00:25,-6300,35700
340,2392115,71,78400,98000,96.0,401,2023-04-28T00:25,-11760,66640
341,3142123,72,290000,0,92.0,34,2023-04-28T00:25,-14500,275500
342,3189003,73,80100,89000,100.0,3,2023-04-28T00:25,0,80100
343,3000157,74,158000,0,96.0,178,2023-04-28T00:25,0,158000
344,3034743,75,75600,84000,96.0,261,2023-04-28T00:25,0,75600
345,2344548,76,91000,0,98.0,2349,2023-04-28T00:25,0,91000
346,2888946,77,79000,0,98.0,219,2023-04-28T00:25,0,79000
347,2558648,78,119000,0,98.0,1391,2023-04-28T00:25,0,119000
348,2993947,79,100000,0,96.0,179,2023-04-28T00:25,0,100000
349,3035784,80,65000,0,98.0,220,2023-04-28T00:25,0,65000
350,2451542,81,424000,650000,98.0,33,2023-04-28T00:25,0,424000
351,2112607,82,178000,0,97.0,384,2023-04-28T00:25,0,178000
352,3105955,83,279000,0,98.0,10,2023-04-28T00:25,-55800,223200
353,3101111,84,161100,179000,96.0,66,2023-04-28T00:25,0,161100
354,2329567,85,99000,115000,97.0,328,2023-04-28T00:25,0,99000
355,1964770,86,59400,66000,97.0,2580,2023-04-28T00:25,-8910,50490
356,2537628,87,388000,0,98.0,40,2023-04-28T00:25,-77600,310400
357,2537633,88,388000,0,97.0,31,2023-04-28T00:25,-77600,310400
358,2975285,89,55250,65000,98.0,426,2023-04-28T00:25,0,55250
359,2806847,90,368000,0,98.0,14,2023-04-28T00:25,-73600,294400
360,969541,1,69000,0,97.0,30579,2023-04-28T00:25,0,69000
361,1762407,2,260000,0,97.0,3571,2023-04-28T00:25,0,260000
362,490136,3,56900,95000,98.0,2819,2023-04-28T00:25,0,56900
363,1762406,4,260000,0,98.0,3563,2023-04-28T00:25,0,260000
364,2545799,5,149000,0,98.0,2433,2023-04-28T00:25,0,149000
365,2638067,6,99000,139000,97.0,3396,2023-04-28T00:25,-29700,69300
366,2383963,7,139000,0,96.0,187,2023-04-28T00:25,0,139000
367,2293400,8,129000,0,96.0,1136,2023-04-28T00:25,0,129000
368,810034,9,85500,95000,97.0,45549,2023-04-28T00:25,0,85500
369,695334,10,63900,99000,96.0,9665,2023-04-28T00:25,0,63900
370,490135,11,59900,95000,98.0,3557,2023-04-28T00:25,0,59900
371,3026310,12,99000,0,99.0,1048,2023-04-28T00:25,0,99000
372,311052,13,53100,59000,97.0,41598,2023-04-28T00:25,0,53100
373,3030422,14,117900,139000,97.0,982,2023-04-28T00:25,-35370,82530
374,3172409,15,495000,561000,0.0,0,2023-04-28T00:25,0,495000
375,2161992,16,55900,95000,97.0,3594,2023-04-28T00:25,0,55900
376,2851559,17,364000,1060000,100.0,3,2023-04-28T00:25,0,364000
377,3091287,18,119000,0,98.0,433,2023-04-28T00:25,0,119000
378,3079037,19,195000,0,98.0,340,2023-04-28T00:25,0,195000
379,2741233,20,109000,0,97.0,2891,2023-04-28T00:25,-10900,98100
380,816033,21,57900,89000,96.0,13520,2023-04-28T00:25,0,57900
381,716244,22,59900,95000,98.0,1419,2023-04-28T00:25,0,59900
382,2233180,23,75900,109000,97.0,14583,2023-04-28T00:25,0,75900
383,577636,24,97300,139000,95.0,31390,2023-04-28T00:25,-29190,68110
384,2785168,25,179000,0,99.0,95,2023-04-28T00:25,0,179000
385,186610,26,75900,85000,97.0,16816,2023-04-28T00:25,0,75900
386,810033,27,89100,99000,97.0,34428,2023-04-28T00:25,0,89100
387,181907,28,79900,119000,97.0,7313,2023-04-28T00:25,0,79900
388,1622068,29,119000,0,97.0,6957,2023-04-28T00:25,0,119000
389,1883698,30,139000,0,95.0,87,2023-04-28T00:25,0,139000
390,1900410,31,129000,0,97.0,5005,2023-04-28T00:25,0,129000
391,2731878,32,44900,79000,97.0,2019,2023-04-28T00:25,0,44900
392,1473136,33,79900,149000,97.0,10833,2023-04-28T00:25,0,79900
393,2320478,34,129000,0,97.0,600,2023-04-28T00:25,0,129000
394,2565212,35,119000,0,99.0,473,2023-04-28T00:25,0,119000
395,2622254,36,109000,0,98.0,1009,2023-04-28T00:25,0,109000
396,3172405,37,503000,710000,0.0,0,2023-04-28T00:25,0,503000
397,3033248,38,109000,0,97.0,784,2023-04-28T00:25,-10900,98100
398,1955217,39,69000,109000,96.0,5369,2023-04-28T00:25,-10350,58650
399,102618,40,69000,0,97.0,6199,2023-04-28T00:25,0,69000
400,1469860,41,51900,75000,97.0,6865,2023-04-28T00:25,0,51900
401,2430426,42,169000,0,98.0,799,2023-04-28T00:25,0,169000
402,3023097,43,230000,0,98.0,139,2023-04-28T00:25,0,230000
403,1296776,44,99000,0,98.0,3011,2023-04-28T00:25,0,99000
404,3096431,45,139000,0,98.0,87,2023-04-28T00:25,0,139000
405,2670201,46,39900,109000,97.0,1119,2023-04-28T00:25,0,39900
406,2899664,47,60420,159000,97.0,158,2023-04-28T00:25,0,60420
407,1470186,48,49900,75000,97.0,3015,2023-04-28T00:25,0,49900
408,3172979,49,230000,0,100.0,11,2023-04-28T00:25,0,230000
409,2909715,50,119000,0,96.0,136,2023-04-28T00:25,0,119000
410,3081253,51,112900,129000,95.0,108,2023-04-28T00:25,-33870,79030
411,1494180,52,71100,79000,95.0,5341,2023-04-28T00:25,0,71100
412,1493265,53,85500,95000,98.0,5051,2023-04-28T00:25,0,85500
413,2899656,54,59900,159000,96.0,152,2023-04-28T00:25,0,59900
414,2733049,55,42900,119000,96.0,630,2023-04-28T00:25,0,42900
415,1798273,56,65000,119000,96.0,1246,2023-04-28T00:25,-6500,58500
416,1296778,57,99000,0,98.0,2241,2023-04-28T00:25,0,99000
417,2577087,58,89900,139000,97.0,450,2023-04-28T00:25,-26970,62930
418,2756002,59,125800,148000,94.0,126,2023-04-28T00:25,-6290,119510
419,1478592,60,75900,95000,97.0,3218,2023-04-28T00:25,0,75900
420,311050,61,53100,59000,97.0,9167,2023-04-28T00:25,0,53100
421,1729744,62,76500,85000,97.0,3424,2023-04-28T00:25,0,76500
422,1900420,63,129000,0,96.0,1538,2023-04-28T00:25,0,129000
423,1868015,64,129000,0,97.0,1996,2023-04-28T00:25,0,129000
424,102620,65,69000,0,97.0,18111,2023-04-28T00:25,0,69000
425,3072688,66,115900,129000,100.0,15,2023-04-28T00:25,-34770,81130
426,1812247,67,80100,89000,96.0,3132,2023-04-28T00:25,-12015,68085
427,1130307,68,109000,0,97.0,6121,2023-04-28T00:25,0,109000
428,1493263,69,89100,99000,98.0,4321,2023-04-28T00:25,0,89100
429,2622252,70,109000,0,97.0,261,2023-04-28T00:25,0,109000
430,2815897,71,59950,109000,94.0,122,2023-04-28T00:25,-17985,41965
431,1990244,72,129000,0,98.0,1188,2023-04-28T00:25,0,129000
432,2233178,73,75900,109000,97.0,5113,2023-04-28T00:25,0,75900
433,2312772,74,64900,139800,96.0,1492,2023-04-28T00:25,-9735,55165
434,311051,75,58500,65000,97.0,19689,2023-04-28T00:25,0,58500
435,1256468,76,109000,0,97.0,3612,2023-04-28T00:25,0,109000
436,2737457,77,230000,0,98.0,520,2023-04-28T00:25,0,230000
437,2261769,78,42900,119000,95.0,1396,2023-04-28T00:25,0,42900
438,2861393,79,96900,139000,93.0,324,2023-04-28T00:25,-29070,67830
439,2670200,80,39900,109000,97.0,1268,2023-04-28T00:25,0,39900
440,2493214,81,169000,0,98.0,226,2023-04-28T00:25,0,169000
441,490134,82,75900,95000,97.0,2141,2023-04-28T00:25,0,75900
442,1594352,83,85000,0,97.0,5653,2023-04-28T00:25,0,85000
443,2899663,84,69900,159000,95.0,68,2023-04-28T00:25,-20970,48930
444,3053324,85,129000,0,98.0,76,2023-04-28T00:25,0,129000
445,3157671,86,89000,0,99.0,71,2023-04-28T00:25,-8900,80100
446,2524840,87,139000,0,97.0,931,2023-04-28T00:25,0,139000
447,2861392,88,96900,139000,97.0,658,2023-04-28T00:25,-29070,67830
448,810031,89,89100,99000,97.0,7913,2023-04-28T00:25,0,89100
449,937570,90,51900,75000,95.0,1269,2023-04-28T00:25,0,51900
450,1092992,1,69000,0,97.0,38638,2023-04-28T00:25,0,69000
451,1720822,2,209000,0,97.0,331,2023-04-28T00:25,-12540,196460
452,3062046,3,78300,87000,97.0,345,2023-04-28T00:25,-11745,66555
453,2668515,4,378000,842000,100.0,44,2023-04-28T00:25,0,378000
454,3161648,5,699000,1190000,0.0,0,2023-04-28T00:25,0,699000
455,3134621,6,136800,152000,97.0,77,2023-04-28T00:25,-20520,116280
456,2237841,7,195000,0,98.0,75,2023-04-28T00:25,-11700,183300
457,3134606,8,125100,139000,97.0,94,2023-04-28T00:25,-18765,106335
458,2091749,9,75650,89000,95.0,6416,2023-04-28T00:25,0,75650
459,3124961,10,65550,69000,97.0,444,2023-04-28T00:25,-9833,55717
460,2432733,11,40120,59000,97.0,3029,2023-04-28T00:25,-12036,28084
461,2624538,12,34810,59000,97.0,1680,2023-04-28T00:25,-10443,24367
462,3224811,13,138000,0,0.0,0,2023-04-28T00:25,0,138000
463,3061996,14,88200,98000,97.0,252,2023-04-28T00:25,-13230,74970
464,2816812,15,119900,0,93.0,1603,2023-04-28T00:25,0,119900
465,595040,16,210000,0,95.0,8775,2023-04-28T00:25,0,210000
466,1129750,17,69000,0,97.0,4012,2023-04-28T00:25,0,69000
467,3133873,18,143650,169000,0.0,0,2023-04-28T00:25,0,143650
468,501198,19,132000,139000,95.0,2779,2023-04-28T00:25,-6600,125400
469,2555366,20,522750,1000000,0.0,0,2023-04-28T00:25,-20000,502750
470,3161736,21,67900,158000,98.0,355,2023-04-28T00:25,-10185,57715
471,2101924,22,99900,0,96.0,1439,2023-04-28T00:25,0,99900
472,1890398,23,132000,168000,96.0,2806,2023-04-28T00:25,-13200,118800
473,3223241,24,119000,0,97.0,43,2023-04-28T00:25,0,119000
474,2816816,25,127890,159900,97.0,1915,2023-04-28T00:25,0,127890
475,2664372,26,65000,0,97.0,1173,2023-04-28T00:25,0,65000
476,1439535,27,49000,0,96.0,16421,2023-04-28T00:25,0,49000
477,1720813,28,149000,0,97.0,542,2023-04-28T00:25,0,149000
478,1339622,29,42900,59000,97.0,16554,2023-04-28T00:25,-12870,30030
479,3144298,30,209000,0,80.0,2,2023-04-28T00:25,-12540,196460
480,2093156,31,259000,0,91.0,27,2023-04-28T00:25,0,259000
481,1891201,32,155000,0,98.0,238,2023-04-28T00:25,-9300,145700
482,1815709,33,132000,168000,96.0,7201,2023-04-28T00:25,-13200,118800
483,3218310,34,141550,149000,100.0,4,2023-04-28T00:25,-8493,133057
484,2383245,35,99000,0,98.0,945,2023-04-28T00:25,0,99000
485,2433538,36,84660,102000,96.0,2517,2023-04-28T00:25,0,84660
486,3075621,37,339000,0,98.0,111,2023-04-28T00:25,0,339000
487,1419869,38,70300,74000,95.0,10608,2023-04-28T00:25,-10545,59755
488,1813898,39,219000,0,97.0,39,2023-04-28T00:25,0,219000
489,2621831,40,64400,92000,95.0,804,2023-04-28T00:25,-9660,54740
490,1699941,41,67150,79000,97.0,4980,2023-04-28T00:25,-10073,57077
491,3134563,42,88200,98000,95.0,51,2023-04-28T00:25,-13230,74970
492,1568047,43,127200,159000,95.0,12100,2023-04-28T00:25,-19080,108120
493,2664373,44,65000,0,97.0,1138,2023-04-28T00:25,0,65000
494,2735953,45,207000,230000,98.0,473,2023-04-28T00:25,0,207000
495,2036670,46,300000,0,97.0,780,2023-04-28T00:25,0,300000
496,3062069,47,71100,79000,96.0,123,2023-04-28T00:25,-10665,60435
497,1828166,48,126000,210000,94.0,866,2023-04-28T00:25,0,126000
498,1562990,49,230000,0,96.0,1296,2023-04-28T00:25,0,230000
499,1562988,50,260000,0,97.0,1493,2023-04-28T00:25,0,260000
500,2419871,51,40120,59000,97.0,1007,2023-04-28T00:25,-12036,28084
501,1439527,52,49000,0,95.0,13472,2023-04-28T00:25,0,49000
502,2210201,53,268000,299000,94.0,199,2023-04-28T00:25,-13400,254600
503,1021359,54,61000,100000,94.0,5423,2023-04-28T00:25,-9150,51850
504,2598817,55,155000,0,100.0,40,2023-04-28T00:25,-9300,145700
505,3049313,56,57100,64900,97.0,877,2023-04-28T00:25,0,57100
506,2363570,57,39900,55000,97.0,1205,2023-04-28T00:25,-11970,27930
507,607298,58,44700,59000,93.0,15632,2023-04-28T00:25,-6705,37995
508,1262089,59,300000,0,97.0,1601,2023-04-28T00:25,0,300000
509,2379000,60,151500,159000,97.0,144,2023-04-28T00:25,0,151500
510,2101923,61,89890,99900,96.0,636,2023-04-28T00:25,0,89890
511,1438359,62,99000,0,97.0,1233,2023-04-28T00:25,0,99000
512,2518112,63,87150,105000,96.0,1024,2023-04-28T00:25,0,87150
513,1334438,64,170000,0,96.0,4472,2023-04-28T00:25,0,170000
514,1992697,65,690000,0,80.0,1,2023-04-28T00:25,0,690000
515,2910086,66,265500,295000,98.0,244,2023-04-28T00:25,0,265500
516,2686298,67,645000,980000,0.0,0,2023-04-28T00:25,-20000,625000
517,3128322,68,92650,109000,97.0,54,2023-04-28T00:25,0,92650
518,3024585,69,59000,0,96.0,190,2023-04-28T00:25,-8850,50150
519,127121,70,141000,152000,95.0,1889,2023-04-28T00:25,-21150,119850
520,2910082,71,265500,295000,98.0,531,2023-04-28T00:25,0,265500
521,1891202,72,165000,0,98.0,111,2023-04-28T00:25,-9900,155100
522,3142574,73,189000,0,100.0,10,2023-04-28T00:25,0,189000
523,2589483,74,65000,0,97.0,1401,2023-04-28T00:25,0,65000
524,2069832,75,298000,332000,95.0,785,2023-04-28T00:25,-14900,283100
525,2775205,76,197100,219000,0.0,0,2023-04-28T00:25,-19710,177390
526,1810758,77,144000,160000,96.0,377,2023-04-28T00:25,0,144000
527,2257887,78,109000,119000,96.0,2376,2023-04-28T00:25,-16350,92650
528,1762562,79,95100,109000,95.0,331,2023-04-28T00:25,0,95100
529,3008041,80,44900,59000,98.0,250,2023-04-28T00:25,-13470,31430
530,2437045,81,152000,218000,97.0,507,2023-04-28T00:25,-22800,129200
531,1928038,82,84600,94000,96.0,1202,2023-04-28T00:25,-12690,71910
532,3050950,83,78400,98000,98.0,13,2023-04-28T00:25,-3920,74480
533,2463768,84,49000,0,97.0,385,2023-04-28T00:25,0,49000
534,3167199,85,174250,205000,100.0,3,2023-04-28T00:25,0,174250
535,1327868,86,189000,0,93.0,112,2023-04-28T00:25,-37800,151200
536,636821,87,160500,169000,93.0,2596,2023-04-28T00:25,-24075,136425
537,1724193,88,251900,280000,98.0,1502,2023-04-28T00:25,0,251900
538,2355318,89,98890,109900,96.0,675,2023-04-28T00:25,0,98890
539,2091779,90,75650,89000,97.0,1028,2023-04-28T00:25,0,75650
540,2560668,1,48300,69000,97.0,1310,2023-04-28T00:25,0,48300
541,2134140,2,39000,0,97.0,3766,2023-04-28T00:25,-5850,33150
542,2356713,3,39000,0,97.0,1592,2023-04-28T00:25,-5850,33150
543,1214164,4,36000,0,96.0,25176,2023-04-28T00:25,0,36000
544,1920929,5,39000,0,97.0,4153,2023-04-28T00:25,-5850,33150
545,2356711,6,39000,0,97.0,1613,2023-04-28T00:25,-5850,33150
546,1214174,7,36000,0,97.0,15175,2023-04-28T00:25,0,36000
547,2280117,8,35100,39000,97.0,6603,2023-04-28T00:25,0,35100
548,2879419,9,48900,55000,98.0,924,2023-04-28T00:25,-7335,41565
549,1822717,10,56050,59000,97.0,4423,2023-04-28T00:25,0,56050
550,2287131,11,29600,37000,95.0,1797,2023-04-28T00:25,-4440,25160
551,3065903,12,48300,69000,99.0,31,2023-04-28T00:25,0,48300
552,1771137,13,29000,0,97.0,12749,2023-04-28T00:25,0,29000
553,3038513,14,48300,69000,100.0,37,2023-04-28T00:25,0,48300
554,1214173,15,36000,0,96.0,5677,2023-04-28T00:25,0,36000
555,2028240,16,39000,0,98.0,3409,2023-04-28T00:25,-5850,33150
556,1836699,17,79000,0,96.0,276,2023-04-28T00:25,0,79000
557,1272626,18,36000,0,96.0,14300,2023-04-28T00:25,0,36000
558,2356693,19,39000,0,97.0,1593,2023-04-28T00:25,-5850,33150
559,2286829,20,31450,37000,95.0,5133,2023-04-28T00:25,-4718,26732
560,1022014,21,79000,0,96.0,11516,2023-04-28T00:25,0,79000
561,1022013,22,79000,0,96.0,6333,2023-04-28T00:25,0,79000
562,1214109,23,36000,0,97.0,8263,2023-04-28T00:25,0,36000
563,2134158,24,39000,0,97.0,2622,2023-04-28T00:25,-5850,33150
564,1214317,25,36000,0,97.0,11601,2023-04-28T00:25,0,36000
565,2381807,26,48300,69000,98.0,1193,2023-04-28T00:25,0,48300
566,3129450,27,49000,0,97.0,33,2023-04-28T00:25,-9800,39200
567,3163695,28,58650,69000,96.0,6,2023-04-28T00:25,0,58650
568,3105534,29,58650,69000,100.0,3,2023-04-28T00:25,0,58650
569,3105531,30,58650,69000,98.0,15,2023-04-28T00:25,0,58650
570,3012243,31,29900,39900,99.0,102,2023-04-28T00:25,-4485,25415
571,1907733,32,29900,39000,96.0,3959,2023-04-28T00:25,-8970,20930
572,3044623,33,48300,69000,98.0,30,2023-04-28T00:25,0,48300
573,3162826,34,280000,0,0.0,0,2023-04-28T00:25,0,280000
574,2123132,35,36900,39000,97.0,6507,2023-04-28T00:25,0,36900
575,1214169,36,36000,0,96.0,5421,2023-04-28T00:25,0,36000
576,2683537,37,48300,69000,98.0,220,2023-04-28T00:25,0,48300
577,1855444,38,39900,42000,97.0,3123,2023-04-28T00:25,-5985,33915
578,2107999,39,36000,0,97.0,2741,2023-04-28T00:25,0,36000
579,1771132,40,29000,0,96.0,5415,2023-04-28T00:25,0,29000
580,3232889,41,35010,38900,96.0,12,2023-04-28T00:25,-3501,31509
581,3039055,42,36550,43000,96.0,88,2023-04-28T00:25,-5483,31067
582,2879425,43,48900,55000,98.0,377,2023-04-28T00:25,-7335,41565
583,2672186,44,20900,30000,96.0,649,2023-04-28T00:25,-2299,18601
584,2864918,45,49000,0,99.0,157,2023-04-28T00:25,0,49000
585,1335132,46,29000,0,95.0,1145,2023-04-28T00:25,0,29000
586,1497550,47,29600,37000,95.0,5774,2023-04-28T00:25,0,29600
587,1452917,48,69000,0,96.0,2442,2023-04-28T00:25,0,69000
588,1925814,49,35100,39000,96.0,1729,2023-04-28T00:25,0,35100
589,2134295,50,39000,0,97.0,438,2023-04-28T00:25,0,39000
590,3163662,51,49000,0,97.0,19,2023-04-28T00:25,-9800,39200
591,1214106,52,36000,0,96.0,9815,2023-04-28T00:25,0,36000
592,3099126,53,54000,0,98.0,27,2023-04-28T00:25,0,54000
593,1086824,54,29600,37000,95.0,18686,2023-04-28T00:25,0,29600
594,1214171,55,36000,0,97.0,1748,2023-04-28T00:25,0,36000
595,1771133,56,29000,0,97.0,5793,2023-04-28T00:25,0,29000
596,2864774,57,49000,0,98.0,107,2023-04-28T00:25,0,49000
597,2507080,58,39000,0,98.0,452,2023-04-28T00:25,-5850,33150
598,1300684,59,41300,59000,93.0,272,2023-04-28T00:25,0,41300
599,3125906,60,89000,0,97.0,34,2023-04-28T00:25,-17800,71200
600,2286824,61,33300,37000,96.0,1039,2023-04-28T00:25,-4995,28305
601,2687157,62,45000,0,97.0,1112,2023-04-28T00:25,-6750,38250
602,1760824,63,49700,59000,97.0,336,2023-04-28T00:25,0,49700
603,1632175,64,36900,39000,97.0,2744,2023-04-28T00:25,0,36900
604,2089719,65,36000,0,97.0,2478,2023-04-28T00:25,0,36000
605,1524720,66,36000,0,96.0,3465,2023-04-28T00:25,0,36000
606,2149507,67,9860,29000,95.0,454,2023-04-28T00:25,0,9860
607,2329375,68,34710,39000,96.0,2154,2023-04-28T00:25,0,34710
608,1022012,69,79000,0,94.0,2804,2023-04-28T00:25,0,79000
609,2875053,70,138000,207000,98.0,30,2023-04-28T00:25,-13800,124200
610,1906772,71,39900,42000,97.0,3162,2023-04-28T00:25,-5985,33915
611,2591291,72,39200,49000,97.0,1069,2023-04-28T00:25,0,39200
612,2998516,73,29000,0,96.0,195,2023-04-28T00:25,0,29000
613,2650966,74,48900,53000,97.0,207,2023-04-28T00:25,-7335,41565
614,2280146,75,35100,39000,97.0,979,2023-04-28T00:25,0,35100
615,3039061,76,33150,39000,96.0,71,2023-04-28T00:25,-4973,28177
616,2164773,77,69000,0,97.0,531,2023-04-28T00:25,0,69000
617,3125919,78,69000,0,96.0,12,2023-04-28T00:25,-13800,55200
618,1755276,79,49000,0,97.0,2444,2023-04-28T00:25,0,49000
619,1214193,80,39000,0,97.0,15402,2023-04-28T00:25,0,39000
620,2727856,81,34400,43000,97.0,322,2023-04-28T00:25,-6880,27520
621,3051146,82,34000,0,92.0,53,2023-04-28T00:25,0,34000
622,3235215,83,35010,38900,0.0,0,2023-04-28T00:25,-3501,31509
623,2859190,84,33300,37000,96.0,526,2023-04-28T00:25,-4995,28305
624,2507021,85,42000,0,96.0,416,2023-04-28T00:25,-6300,35700
625,2287142,86,33300,37000,95.0,1151,2023-04-28T00:25,-4995,28305
626,2879417,87,48900,55000,98.0,243,2023-04-28T00:25,-7335,41565
627,2244284,88,36000,0,97.0,615,2023-04-28T00:25,0,36000
628,2221221,89,35100,39000,96.0,1932,2023-04-28T00:25,0,35100
629,1945782,90,56000,0,97.0,2523,2023-04-28T00:25,0,56000
630,3008189,1,334000,478000,100.0,9,2023-04-28T00:25,-43420,290580
631,2457512,2,237300,339000,97.0,39,2023-04-28T00:25,0,237300
632,2489894,3,150100,158000,98.0,111,2023-04-28T00:25,0,150100
633,3228623,4,92650,109000,0.0,0,2023-04-28T00:25,0,92650
634,2605850,5,94000,0,97.0,180,2023-04-28T00:25,0,94000
635,3169783,6,485000,0,0.0,0,2023-04-28T00:25,-48500,436500
636,3148943,7,399000,0,0.0,0,2023-04-28T00:25,0,399000
637,3174221,8,209000,0,0.0,0,2023-04-28T00:25,-41800,167200
638,3099416,9,44910,49900,100.0,3,2023-04-28T00:25,-8982,35928
639,3148942,10,399000,0,0.0,0,2023-04-28T00:25,0,399000
640,3059119,11,161100,179000,91.0,26,2023-04-28T00:25,-24165,136935
641,2388209,12,94000,0,97.0,161,2023-04-28T00:25,0,94000
642,3112830,13,342000,360000,0.0,0,2023-04-28T00:25,-51300,290700
643,3008190,14,334000,478000,90.0,2,2023-04-28T00:25,-43420,290580
644,3230036,15,190800,212000,0.0,0,2023-04-28T00:25,-9540,181260
645,2392489,16,31900,0,97.0,740,2023-04-28T00:25,0,31900
646,2568529,17,220000,0,100.0,17,2023-04-28T00:25,0,220000
647,1875664,18,33190,36900,96.0,578,2023-04-28T00:25,0,33190
648,3190599,19,292000,418000,0.0,0,2023-04-28T00:25,-37960,254040
649,3224161,20,129000,0,0.0,0,2023-04-28T00:25,0,129000
650,2943626,21,256800,428000,0.0,0,2023-04-28T00:25,0,256800
651,2387299,22,259000,0,100.0,3,2023-04-28T00:25,-38850,220150
652,3259069,23,243200,256000,0.0,0,2023-04-28T00:25,0,243200
653,3230042,24,160200,178000,0.0,0,2023-04-28T00:25,-8010,152190
654,2070410,25,237300,339000,0.0,0,2023-04-28T00:25,0,237300
655,3185895,26,249000,0,0.0,0,2023-04-28T00:25,-37350,211650
656,3164994,27,316000,615000,0.0,0,2023-04-28T00:25,0,316000
657,2608302,28,248000,0,0.0,0,2023-04-28T00:25,0,248000
658,3098634,29,222740,259000,100.0,1,2023-04-28T00:25,-33411,189329
659,2588292,30,124800,208000,0.0,0,2023-04-28T00:25,0,124800
660,3146359,31,238000,0,0.0,0,2023-04-28T00:25,0,238000
661,2664566,32,230000,0,100.0,4,2023-04-28T00:25,-34500,195500
662,2131848,33,109000,0,95.0,60,2023-04-28T00:25,0,109000
663,3149931,34,109000,0,100.0,8,2023-04-28T00:25,0,109000
664,2612357,35,69000,139000,96.0,19,2023-04-28T00:25,-10350,58650
665,2392491,36,31900,0,96.0,409,2023-04-28T00:25,0,31900
666,2070411,37,181300,259000,100.0,5,2023-04-28T00:25,0,181300
667,3250317,38,160550,169000,0.0,0,2023-04-28T00:25,0,160550
668,3194638,39,219000,0,0.0,0,2023-04-28T00:25,0,219000
669,1875663,40,33190,36900,95.0,837,2023-04-28T00:25,0,33190
670,2804939,41,228000,0,0.0,0,2023-04-28T00:25,0,228000
671,2070402,42,195300,279000,0.0,0,2023-04-28T00:25,0,195300
672,3146756,43,209000,0,0.0,0,2023-04-28T00:25,-41800,167200
673,3081775,44,199000,0,0.0,0,2023-04-28T00:25,0,199000
674,3217675,45,109000,0,0.0,0,2023-04-28T00:25,-16350,92650
675,2070403,46,181300,259000,0.0,0,2023-04-28T00:25,0,181300
676,3174230,47,179000,0,0.0,0,2023-04-28T00:25,-35800,143200
677,3232979,48,198000,0,0.0,0,2023-04-28T00:25,0,198000
678,2457508,49,153300,219000,96.0,35,2023-04-28T00:25,0,153300
679,3164202,50,199000,219000,0.0,0,2023-04-28T00:25,0,199000
680,3164209,51,199000,219000,0.0,0,2023-04-28T00:25,0,199000
681,2698141,52,199000,0,0.0,0,2023-04-28T00:25,0,199000
682,3174225,53,179000,0,100.0,1,2023-04-28T00:25,-35800,143200
683,3206508,54,158000,0,0.0,0,2023-04-28T00:25,0,158000
684,3122373,55,168000,0,100.0,3,2023-04-28T00:25,-25200,142800
685,3227586,56,159000,0,0.0,0,2023-04-28T00:25,0,159000
686,2974236,57,189000,0,0.0,0,2023-04-28T00:25,0,189000
687,2848613,58,86900,0,100.0,3,2023-04-28T00:25,0,86900
688,3173656,59,178000,0,0.0,0,2023-04-28T00:25,0,178000
689,3206504,60,168000,0,0.0,0,2023-04-28T00:25,0,168000
690,3227649,61,161100,179000,0.0,0,2023-04-28T00:25,-24165,136935
691,3201469,62,159000,0,0.0,0,2023-04-28T00:25,0,159000
692,3134492,63,75050,79000,97.0,7,2023-04-28T00:25,0,75050
693,2652982,64,176000,220000,100.0,3,2023-04-28T00:25,0,176000
694,3055337,65,159000,0,100.0,2,2023-04-28T00:25,0,159000
695,3228630,66,135150,159000,0.0,0,2023-04-28T00:25,0,135150
696,2489892,67,150100,158000,95.0,22,2023-04-28T00:25,0,150100
697,3060928,68,169000,0,0.0,0,2023-04-28T00:25,-33800,135200
698,3126194,69,63200,79000,86.0,3,2023-04-28T00:25,-9480,53720
699,3135497,70,150100,158000,93.0,3,2023-04-28T00:25,0,150100
700,3138205,71,147250,155000,0.0,0,2023-04-28T00:25,-22088,125162
701,2512635,72,35400,59000,96.0,241,2023-04-28T00:25,-10620,24780
702,3103309,73,159000,0,80.0,1,2023-04-28T00:25,0,159000
703,2738747,74,159600,228000,96.0,5,2023-04-28T00:25,0,159600
704,2478652,75,61200,68000,94.0,342,2023-04-28T00:25,-9180,52020
705,3112391,76,69900,99000,100.0,3,2023-04-28T00:25,-10485,59415
706,2537963,77,153000,219000,0.0,0,2023-04-28T00:25,0,153000
707,3135234,78,62300,89000,95.0,8,2023-04-28T00:25,-9345,52955
708,2452062,79,98100,109000,97.0,49,2023-04-28T00:25,0,98100
709,2198862,80,150400,188000,96.0,13,2023-04-28T00:25,0,150400
710,3228635,81,135150,159000,0.0,0,2023-04-28T00:25,0,135150
711,3187364,82,59900,0,0.0,0,2023-04-28T00:25,-11980,47920
712,3137353,83,149000,0,100.0,1,2023-04-28T00:25,0,149000
713,2578115,84,144500,170000,0.0,0,2023-04-28T00:25,0,144500
714,3106669,85,144900,161000,0.0,0,2023-04-28T00:25,-21735,123165
715,3004323,86,142800,168000,0.0,0,2023-04-28T00:25,-21420,121380
716,3132901,87,143100,159000,0.0,0,2023-04-28T00:25,0,143100
717,3260302,88,129000,0,0.0,0,2023-04-28T00:25,0,129000
718,2456562,89,139300,199000,96.0,5,2023-04-28T00:25,0,139300
719,3228629,90,92650,109000,0.0,0,2023-04-28T00:25,0,92650
720,2377812,1,198000,0,96.0,59,2023-04-28T00:25,-29700,168300
721,2716675,2,39900,59000,96.0,211,2023-04-28T00:25,-5985,33915
722,3174796,3,223200,248000,0.0,0,2023-04-28T00:25,-33480,189720
723,3031104,4,48300,69000,97.0,89,2023-04-28T00:25,-7245,41055
724,2891918,5,379000,0,100.0,3,2023-04-28T00:25,0,379000
725,3011624,6,190000,318000,0.0,0,2023-04-28T00:25,-24700,165300
726,3119332,7,379000,0,0.0,0,2023-04-28T00:25,0,379000
727,2819908,8,319000,0,0.0,0,2023-04-28T00:25,0,319000
728,3112821,9,304000,320000,100.0,1,2023-04-28T00:25,-45600,258400
729,1944554,10,36900,0,96.0,573,2023-04-28T00:25,-3690,33210
730,3103902,11,299000,0,0.0,0,2023-04-28T00:25,-44850,254150
731,2643318,12,138000,0,94.0,18,2023-04-28T00:25,-20700,117300
732,2860567,13,143400,239000,96.0,6,2023-04-28T00:25,-21510,121890
733,3190573,14,264000,378000,0.0,0,2023-04-28T00:25,-34320,229680
734,2413549,15,116100,129000,99.0,47,2023-04-28T00:25,-17415,98685
735,2858701,16,271000,0,0.0,0,2023-04-28T00:25,0,271000
736,3144344,17,66000,82000,100.0,5,2023-04-28T00:25,-9900,56100
737,2551401,18,37900,0,94.0,353,2023-04-28T00:25,0,37900
738,1950964,19,38400,64000,94.0,168,2023-04-28T00:25,0,38400
739,3092935,20,129000,0,0.0,0,2023-04-28T00:25,0,129000
740,2544046,21,174000,290000,100.0,3,2023-04-28T00:25,0,174000
741,2551400,22,39900,0,93.0,164,2023-04-28T00:25,0,39900
742,3174864,23,241200,268000,0.0,0,2023-04-28T00:25,-36180,205020
743,2806614,24,119000,0,97.0,119,2023-04-28T00:25,0,119000
744,1931894,25,37900,0,95.0,546,2023-04-28T00:25,0,37900
745,3227713,26,80100,89000,100.0,1,2023-04-28T00:25,-4005,76095
746,3174961,27,241200,268000,100.0,3,2023-04-28T00:25,-36180,205020
747,2864414,28,69300,99000,95.0,107,2023-04-28T00:25,-10395,58905
748,2429118,29,236600,338000,96.0,11,2023-04-28T00:25,-30758,205842
749,1645762,30,39390,43900,94.0,359,2023-04-28T00:25,0,39390
750,1944553,31,36900,0,96.0,226,2023-04-28T00:25,-3690,33210
751,2664574,32,223000,0,100.0,2,2023-04-28T00:25,-22300,200700
752,3170471,33,139000,0,100.0,3,2023-04-28T00:25,0,139000
753,3127271,34,218000,0,0.0,0,2023-04-28T00:25,-32700,185300
754,2760123,35,216000,0,100.0,2,2023-04-28T00:25,-32400,183600
755,2836351,36,48240,72000,96.0,499,2023-04-28T00:25,-7236,41004
756,3040758,37,94400,111000,91.0,30,2023-04-28T00:25,-14160,80240
757,2942784,38,189000,0,100.0,3,2023-04-28T00:25,-28350,160650
758,3073254,39,178000,0,93.0,9,2023-04-28T00:25,-26700,151300
759,2691884,40,198000,0,0.0,0,2023-04-28T00:25,-29700,168300
760,3073242,41,188000,0,100.0,4,2023-04-28T00:25,-28200,159800
761,2381726,42,188300,269000,0.0,0,2023-04-28T00:25,-28245,160055
762,2117249,43,29590,32900,94.0,470,2023-04-28T00:25,-2959,26631
763,3081767,44,169000,0,93.0,9,2023-04-28T00:25,0,169000
764,3105866,45,89000,0,97.0,8,2023-04-28T00:25,-13350,75650
765,3122281,46,178000,0,100.0,4,2023-04-28T00:25,-26700,151300
766,3098636,47,170580,189000,0.0,0,2023-04-28T00:25,-26933,143647
767,3133082,48,171000,0,91.0,7,2023-04-28T00:25,0,171000
768,2664567,49,173000,0,94.0,7,2023-04-28T00:25,-17300,155700
769,3070374,50,178000,0,0.0,0,2023-04-28T00:25,0,178000
770,3051039,51,83300,119000,100.0,45,2023-04-28T00:25,0,83300
771,3228597,52,75650,89000,100.0,2,2023-04-28T00:25,0,75650
772,2660961,53,53100,59000,98.0,153,2023-04-28T00:25,0,53100
773,2352881,54,39950,79900,98.0,336,2023-04-28T00:25,0,39950
774,3098363,55,170100,189000,0.0,0,2023-04-28T00:25,-25515,144585
775,3210875,56,79200,99000,100.0,1,2023-04-28T00:25,0,79200
776,2745024,57,166600,238000,96.0,16,2023-04-28T00:25,-21658,144942
777,3120581,58,152100,169000,100.0,7,2023-04-28T00:25,-30420,121680
778,3051710,59,43900,0,0.0,0,2023-04-28T00:25,0,43900
779,1819994,60,36500,43000,92.0,674,2023-04-28T00:25,0,36500
780,3185973,61,159000,0,100.0,2,2023-04-28T00:25,-23850,135150
781,2551402,62,37900,0,96.0,110,2023-04-28T00:25,0,37900
782,3210193,63,159000,228000,0.0,0,2023-04-28T00:25,-23850,135150
783,1324169,64,29900,0,95.0,1364,2023-04-28T00:25,0,29900
784,2449921,65,89100,99000,100.0,7,2023-04-28T00:25,0,89100
785,3159166,66,162000,0,0.0,0,2023-04-28T00:25,-24300,137700
786,3093403,67,149000,0,100.0,17,2023-04-28T00:25,0,149000
787,1645760,68,43900,0,96.0,355,2023-04-28T00:25,0,43900
788,3144257,69,66000,82000,75.0,4,2023-04-28T00:25,-9900,56100
789,3193246,70,149000,0,0.0,0,2023-04-28T00:25,0,149000
790,3040745,71,93500,110000,95.0,22,2023-04-28T00:25,-14025,79475
791,2902289,72,156000,0,0.0,0,2023-04-28T00:25,0,156000
792,3141051,73,148000,0,0.0,0,2023-04-28T00:25,0,148000
793,2533486,74,35200,44000,96.0,85,2023-04-28T00:25,0,35200
794,2633496,75,166000,354000,100.0,1,2023-04-28T00:25,0,166000
795,3250814,76,148000,0,0.0,0,2023-04-28T00:25,0,148000
796,3147609,77,149000,0,0.0,0,2023-04-28T00:25,0,149000
797,3070403,78,148000,0,100.0,2,2023-04-28T00:25,0,148000
798,2737869,79,125400,209000,93.0,6,2023-04-28T00:25,-18810,106590
799,3216000,80,149000,0,0.0,0,2023-04-28T00:25,-29800,119200
800,2860557,81,143400,239000,100.0,7,2023-04-28T00:25,-21510,121890
801,3127270,82,122550,129000,100.0,1,2023-04-28T00:25,0,122550
802,3132470,83,93000,0,100.0,1,2023-04-28T00:25,0,93000
803,3217984,84,129000,0,0.0,0,2023-04-28T00:25,0,129000
804,3223752,85,139000,0,0.0,0,2023-04-28T00:25,0,139000
805,3130595,86,72000,0,100.0,2,2023-04-28T00:25,0,72000
806,3058683,87,133200,148000,100.0,1,2023-04-28T00:25,-19980,113220
807,2832176,88,129000,0,100.0,2,2023-04-28T00:25,0,129000
808,3054693,89,129000,0,0.0,0,2023-04-28T00:25,-12900,116100
809,3009236,90,49600,62000,100.0,11,2023-04-28T00:25,0,49600
810,991339,1,17890,19900,97.0,53870,2023-04-28T00:25,0,17890
811,1986031,2,23690,27900,97.0,10978,2023-04-28T00:25,0,23690
812,998051,3,15200,24000,97.0,165253,2023-04-28T00:25,0,15200
813,991340,4,15890,19900,97.0,31193,2023-04-28T00:25,0,15890
814,763821,5,16200,22000,96.0,31649,2023-04-28T00:25,0,16200
815,1477845,6,15400,22000,96.0,9949,2023-04-28T00:25,-4620,10780
816,1996702,7,25090,27900,97.0,2000,2023-04-28T00:25,0,25090
817,1094835,8,15900,0,97.0,6362,2023-04-28T00:25,0,15900
818,792919,9,15190,16900,96.0,18047,2023-04-28T00:25,0,15190
819,1094748,10,19900,0,97.0,19403,2023-04-28T00:25,0,19900
820,1342874,11,16900,33000,97.0,13224,2023-04-28T00:25,0,16900
821,1996705,12,23690,27900,98.0,2784,2023-04-28T00:25,0,23690
822,2845854,13,13000,18900,97.0,365,2023-04-28T00:25,-2600,10400
823,991570,14,13300,20000,97.0,19268,2023-04-28T00:25,0,13300
824,2959925,15,22000,27500,98.0,143,2023-04-28T00:25,-1100,20900
825,1986029,16,27900,0,97.0,4046,2023-04-28T00:25,0,27900
826,1443937,17,12900,24000,97.0,8357,2023-04-28T00:25,0,12900
827,746158,18,19390,22900,96.0,20619,2023-04-28T00:25,0,19390
828,1346009,19,9500,12000,97.0,6804,2023-04-28T00:25,-1425,8075
829,1729576,20,9600,13900,97.0,16493,2023-04-28T00:25,-1440,8160
830,3033249,21,15000,0,95.0,313,2023-04-28T00:25,0,15000
831,2297277,22,19900,22000,96.0,346,2023-04-28T00:25,-5970,13930
832,734085,23,13200,19800,96.0,65384,2023-04-28T00:25,0,13200
833,1821485,24,30000,0,96.0,1312,2023-04-28T00:25,0,30000
834,1094834,25,20290,23900,96.0,2492,2023-04-28T00:25,0,20290
835,479245,26,15400,22000,93.0,5474,2023-04-28T00:25,-4620,10780
836,991341,27,16890,19900,96.0,10333,2023-04-28T00:25,0,16890
837,2346958,28,18200,24000,98.0,553,2023-04-28T00:25,-2730,15470
838,792920,29,15190,16900,96.0,9739,2023-04-28T00:25,0,15190
839,1094750,30,16890,19900,97.0,3603,2023-04-28T00:25,0,16890
840,792921,31,15190,16900,95.0,7846,2023-04-28T00:25,0,15190
841,2832613,32,11900,33000,97.0,872,2023-04-28T00:25,0,11900
842,1092994,33,19390,22900,96.0,2682,2023-04-28T00:25,0,19390
843,2960555,34,19000,0,94.0,137,2023-04-28T00:25,0,19000
844,746154,35,17900,0,96.0,5242,2023-04-28T00:25,0,17900
845,1986030,36,27900,0,97.0,1742,2023-04-28T00:25,0,27900
846,1996704,37,22290,27900,97.0,735,2023-04-28T00:25,0,22290
847,2821598,38,19390,22900,97.0,179,2023-04-28T00:25,0,19390
848,2870865,39,15900,19900,95.0,80,2023-04-28T00:25,-3180,12720
849,2829586,40,13000,18900,98.0,46,2023-04-28T00:25,-2600,10400
850,3009680,41,12590,14900,98.0,182,2023-04-28T00:25,0,12590
851,1094837,42,13490,15900,96.0,1791,2023-04-28T00:25,0,13490
852,2347097,43,14900,24000,98.0,1668,2023-04-28T00:25,-2235,12665
853,1348077,44,10900,16500,97.0,1900,2023-04-28T00:25,0,10900
854,2829802,45,13000,18900,97.0,34,2023-04-28T00:25,-2600,10400
855,1062063,46,9490,15900,97.0,2215,2023-04-28T00:25,0,9490
856,746159,47,19390,22900,95.0,28786,2023-04-28T00:25,0,19390
857,1974077,48,37490,46900,97.0,914,2023-04-28T00:25,0,37490
858,1477846,49,15400,22000,96.0,2714,2023-04-28T00:25,-4620,10780
859,2011850,50,21490,23900,98.0,881,2023-04-28T00:25,0,21490
860,2011852,51,21490,23900,97.0,1338,2023-04-28T00:25,0,21490
861,1821487,52,30000,0,97.0,686,2023-04-28T00:25,0,30000
862,1358721,53,14200,22000,96.0,1177,2023-04-28T00:25,-2130,12070
863,2821588,54,19690,21900,96.0,65,2023-04-28T00:25,0,19690
864,2652498,55,9500,12000,98.0,129,2023-04-28T00:25,-1425,8075
865,472686,56,9500,14800,94.0,786,2023-04-28T00:25,0,9500
866,958997,57,15190,17900,95.0,1428,2023-04-28T00:25,0,15190
867,1286366,58,12500,24000,97.0,9873,2023-04-28T00:25,0,12500
868,2973095,59,20000,25000,98.0,35,2023-04-28T00:25,-1000,19000
869,2295818,60,19900,22000,95.0,196,2023-04-28T00:25,-5970,13930
870,2467197,61,30000,0,95.0,151,2023-04-28T00:25,0,30000
871,752821,62,9900,0,95.0,23912,2023-04-28T00:25,0,9900
872,1346070,63,9500,12000,97.0,1914,2023-04-28T00:25,-1425,8075
873,3096660,64,13000,18900,96.0,17,2023-04-28T00:25,-2600,10400
874,2929635,65,15900,27000,97.0,589,2023-04-28T00:25,0,15900
875,1094836,66,15900,0,97.0,1340,2023-04-28T00:25,0,15900
876,2477854,67,16890,19900,98.0,1498,2023-04-28T00:25,0,16890
877,2990345,68,27900,0,99.0,70,2023-04-28T00:25,0,27900
878,1392777,69,11890,19900,96.0,396,2023-04-28T00:25,0,11890
879,2912120,70,25000,0,96.0,26,2023-04-28T00:25,0,25000
880,1094749,71,19900,0,96.0,5004,2023-04-28T00:25,0,19900
881,3130682,72,38400,48000,83.0,6,2023-04-28T00:25,0,38400
882,3111130,73,15400,0,90.0,11,2023-04-28T00:25,0,15400
883,3163189,74,39000,0,0.0,0,2023-04-28T00:25,0,39000
884,2973952,75,28800,48000,95.0,21,2023-04-28T00:25,-4320,24480
885,1517383,76,25000,0,93.0,135,2023-04-28T00:25,0,25000
886,1475031,77,16900,27000,96.0,1763,2023-04-28T00:25,-2535,14365
887,2846994,78,12500,17900,95.0,20,2023-04-28T00:25,-2500,10000
888,2795763,79,35000,0,97.0,77,2023-04-28T00:25,0,35000
889,1392773,80,16890,19900,95.0,1486,2023-04-28T00:25,0,16890
890,1777081,81,8000,12800,96.0,1298,2023-04-28T00:25,0,8000
891,3148864,82,17900,23000,100.0,6,2023-04-28T00:25,-2685,15215
892,1045103,83,9490,15900,95.0,2435,2023-04-28T00:25,0,9490
893,783120,84,13900,0,96.0,1423,2023-04-28T00:25,0,13900
894,1717607,85,13200,20800,96.0,2195,2023-04-28T00:25,-1980,11220
895,1260383,86,19900,0,95.0,1470,2023-04-28T00:25,0,19900
896,2610915,87,17000,0,95.0,102,2023-04-28T00:25,-2550,14450
897,2610916,88,17000,0,97.0,120,2023-04-28T00:25,-2550,14450
898,2255476,89,15200,19000,98.0,169,2023-04-28T00:25,-2280,12920
899,2477852,90,16890,19900,98.0,704,2023-04-28T00:25,0,16890
