,item_id,rank,price,del_price,rating,rating_count,time,coupon,real_price
0,2272830,1,35910,39900,97.0,17739,2023-03-22T22:27,-7182,28728
1,2396645,2,39900,59000,96.0,22731,2023-03-22T22:27,0,39900
2,1437470,3,169000,0,98.0,44,2023-03-22T22:27,0,169000
3,2149254,4,37800,0,97.0,31759,2023-03-22T22:27,-5670,32130
4,1848166,5,34300,49000,97.0,40493,2023-03-22T22:27,0,34300
5,345889,6,29900,47900,95.0,9402,2023-03-22T22:27,0,29900
6,1848855,7,169000,0,97.0,78,2023-03-22T22:27,0,169000
7,2038497,8,36000,45000,95.0,16017,2023-03-22T22:27,-7200,28800
8,3034895,9,107100,119000,98.0,282,2023-03-22T22:27,0,107100
9,2313388,10,68000,85000,96.0,2005,2023-03-22T22:27,0,68000
10,3072191,11,199000,0,97.0,22,2023-03-22T22:27,0,199000
11,2314616,12,37000,43000,97.0,7861,2023-03-22T22:27,0,37000
12,2375962,13,59000,62000,98.0,4928,2023-03-22T22:27,0,59000
13,3129246,14,72000,0,0.0,0,2023-03-22T22:27,-3600,68400
14,2086653,15,16900,0,97.0,38043,2023-03-22T22:27,0,16900
15,1201421,16,199000,0,93.0,78,2023-03-22T22:27,0,199000
16,3150516,17,79800,126000,95.0,4,2023-03-22T22:27,-15960,63840
17,2326935,18,55300,79000,96.0,12686,2023-03-22T22:27,-5530,49770
18,2122566,19,33800,0,97.0,14850,2023-03-22T22:27,-6760,27040
19,2442409,20,27300,78000,96.0,8550,2023-03-22T22:27,-2730,24570
20,1817394,21,59900,150000,93.0,6939,2023-03-22T22:27,0,59900
21,1582356,22,49200,82000,96.0,15828,2023-03-22T22:27,0,49200
22,1848797,23,169000,0,97.0,45,2023-03-22T22:27,0,169000
23,1620270,24,189000,0,94.0,45,2023-03-22T22:27,0,189000
24,2226767,25,68400,76000,97.0,7069,2023-03-22T22:27,-6840,61560
25,2646350,26,45900,94000,95.0,3828,2023-03-22T22:27,0,45900
26,1382658,27,16900,0,94.0,46967,2023-03-22T22:27,0,16900
27,2877493,28,59800,92000,95.0,1257,2023-03-22T22:27,0,59800
28,1498105,29,189000,0,97.0,1938,2023-03-22T22:27,0,189000
29,996177,30,15900,0,95.0,76974,2023-03-22T22:27,0,15900
30,2775713,31,39800,49000,93.0,2755,2023-03-22T22:27,0,39800
31,854337,32,33900,0,95.0,17006,2023-03-22T22:27,-3390,30510
32,1841764,33,23400,39000,96.0,12908,2023-03-22T22:27,-2340,21060
33,407067,34,29250,39000,95.0,21299,2023-03-22T22:27,-2925,26325
34,2364807,35,219000,0,96.0,674,2023-03-22T22:27,0,219000
35,2305840,36,59700,0,97.0,3774,2023-03-22T22:27,0,59700
36,1943792,37,34400,43000,96.0,5117,2023-03-22T22:27,0,34400
37,1939099,38,29400,49000,97.0,11504,2023-03-22T22:27,0,29400
38,3160073,39,69000,98000,0.0,0,2023-03-22T22:27,-13800,55200
39,2955133,40,79000,83000,99.0,326,2023-03-22T22:27,0,79000
40,3035489,41,94500,105000,100.0,1,2023-03-22T22:27,-4725,89775
41,1498103,42,199000,0,96.0,829,2023-03-22T22:27,0,199000
42,2194649,43,63000,79000,96.0,4173,2023-03-22T22:27,-6300,56700
43,2065708,44,59000,62000,98.0,6352,2023-03-22T22:27,0,59000
44,994588,45,39900,53000,93.0,5899,2023-03-22T22:27,-3990,35910
45,1211169,46,32430,69000,95.0,5633,2023-03-22T22:27,0,32430
46,2377269,47,45000,0,97.0,3690,2023-03-22T22:27,0,45000
47,1706633,48,199000,0,97.0,2348,2023-03-22T22:27,0,199000
48,3032250,49,44800,64000,96.0,600,2023-03-22T22:27,0,44800
49,1336398,50,40200,67000,96.0,18916,2023-03-22T22:27,-6030,34170
50,2099802,51,62300,89000,97.0,3835,2023-03-22T22:27,-6230,56070
51,2996536,52,39900,59000,96.0,335,2023-03-22T22:27,0,39900
52,1417691,53,13900,0,97.0,18100,2023-03-22T22:27,0,13900
53,3039449,54,47900,69900,97.0,420,2023-03-22T22:27,0,47900
54,3071087,55,84550,89000,95.0,260,2023-03-22T22:27,-16910,67640
55,1201419,56,199000,0,93.0,208,2023-03-22T22:27,0,199000
56,1574201,57,79000,0,97.0,4515,2023-03-22T22:27,0,79000
57,2374814,58,62400,104000,98.0,1115,2023-03-22T22:27,-3120,59280
58,2660716,59,57600,72000,95.0,1828,2023-03-22T22:27,0,57600
59,2757451,60,59400,99000,97.0,5046,2023-03-22T22:27,0,59400
60,1828538,61,39900,69900,95.0,2828,2023-03-22T22:27,0,39900
61,1336290,62,40200,67000,96.0,13603,2023-03-22T22:27,-6030,34170
62,2368712,63,21500,43000,96.0,5440,2023-03-22T22:27,0,21500
63,3034894,64,98100,109000,99.0,63,2023-03-22T22:27,0,98100
64,2065712,65,59000,62000,98.0,6509,2023-03-22T22:27,0,59000
65,2043036,66,72900,97900,95.0,7377,2023-03-22T22:27,-7290,65610
66,2851485,67,66900,68900,96.0,388,2023-03-22T22:27,-6690,60210
67,2034137,68,31800,0,97.0,16449,2023-03-22T22:27,-4770,27030
68,1557508,69,27600,69000,96.0,14900,2023-03-22T22:27,0,27600
69,2454238,70,86400,108000,97.0,1484,2023-03-22T22:27,-8640,77760
70,1685307,71,19900,0,96.0,13886,2023-03-22T22:27,0,19900
71,2186292,72,16900,20000,96.0,13706,2023-03-22T22:27,0,16900
72,2106705,73,41900,57000,98.0,5385,2023-03-22T22:27,0,41900
73,1144989,74,18900,0,96.0,66831,2023-03-22T22:27,0,18900
74,2109937,75,49600,68000,96.0,938,2023-03-22T22:27,0,49600
75,1139175,76,61600,89900,97.0,24943,2023-03-22T22:27,0,61600
76,2096933,77,39900,54000,96.0,3394,2023-03-22T22:27,-3990,35910
77,1793989,78,199000,0,97.0,891,2023-03-22T22:27,0,199000
78,2126149,79,39900,0,97.0,1352,2023-03-22T22:27,0,39900
79,2096929,80,39900,54000,96.0,4641,2023-03-22T22:27,-3990,35910
80,2171559,81,37900,54000,96.0,4040,2023-03-22T22:27,0,37900
81,1763157,82,49400,52000,95.0,2568,2023-03-22T22:27,0,49400
82,2226766,83,68400,76000,97.0,4644,2023-03-22T22:27,-6840,61560
83,2453556,84,39900,42000,97.0,6089,2023-03-22T22:27,-7980,31920
84,983339,85,33900,0,95.0,10035,2023-03-22T22:27,-3390,30510
85,3065127,86,59700,0,96.0,39,2023-03-22T22:27,0,59700
86,2744370,87,55300,79000,96.0,1031,2023-03-22T22:27,-5530,49770
87,2913656,88,44900,64000,95.0,216,2023-03-22T22:27,0,44900
88,3052036,89,59400,66000,96.0,91,2023-03-22T22:27,-5940,53460
89,2364804,90,239000,0,98.0,76,2023-03-22T22:27,0,239000
90,1778404,1,42000,45000,96.0,66046,2023-03-22T22:27,0,42000
91,3058265,2,149000,169000,96.0,84,2023-03-22T22:27,-7450,141550
92,1576682,3,245000,339000,97.0,8425,2023-03-22T22:27,-49000,196000
93,1576700,4,89000,129000,97.0,16153,2023-03-22T22:27,0,89000
94,1558197,5,81900,0,97.0,31802,2023-03-22T22:27,-8190,73710
95,1790383,6,59000,86000,95.0,4989,2023-03-22T22:27,-5900,53100
96,2343198,7,119000,129000,97.0,4765,2023-03-22T22:27,0,119000
97,2064545,8,74900,94000,97.0,10700,2023-03-22T22:27,-14980,59920
98,1530516,9,69900,79000,96.0,2077,2023-03-22T22:27,0,69900
99,841230,10,154000,172000,96.0,7155,2023-03-22T22:27,0,154000
100,2723218,11,69900,109000,97.0,1766,2023-03-22T22:27,-6990,62910
101,1337094,12,69900,0,95.0,5161,2023-03-22T22:27,-6990,62910
102,1195307,13,87550,103000,96.0,12420,2023-03-22T22:27,-8755,78795
103,1283757,14,75390,83900,96.0,26364,2023-03-22T22:27,-7539,67851
104,1856181,15,35910,39900,97.0,6643,2023-03-22T22:27,-7182,28728
105,3042244,16,139300,199000,97.0,35,2023-03-22T22:27,-13930,125370
106,2715055,17,159000,189000,97.0,1896,2023-03-22T22:27,0,159000
107,1530517,18,69900,79000,96.0,1874,2023-03-22T22:27,0,69900
108,2293391,19,98000,124000,95.0,1696,2023-03-22T22:27,-19600,78400
109,2752332,20,68500,105300,95.0,2316,2023-03-22T22:27,0,68500
110,1618312,21,75390,83900,97.0,6882,2023-03-22T22:27,0,75390
111,2110493,22,389000,0,96.0,592,2023-03-22T22:27,0,389000
112,2788216,23,146000,159000,98.0,73,2023-03-22T22:27,-7300,138700
113,3012082,24,59900,79000,97.0,721,2023-03-22T22:27,-5990,53910
114,3034346,25,151000,164000,98.0,279,2023-03-22T22:27,0,151000
115,1571879,26,79900,112900,96.0,6927,2023-03-22T22:27,-7990,71910
116,1291017,27,67900,96000,95.0,12778,2023-03-22T22:27,0,67900
117,2288704,28,121000,132000,97.0,3069,2023-03-22T22:27,0,121000
118,3036129,29,79800,94000,95.0,1444,2023-03-22T22:27,-15960,63840
119,621582,30,225000,339000,96.0,4320,2023-03-22T22:27,-45000,180000
120,2329532,31,119200,149000,97.0,3854,2023-03-22T22:27,0,119200
121,2788219,32,146000,159000,96.0,218,2023-03-22T22:27,-7300,138700
122,1139192,33,71100,94900,97.0,14222,2023-03-22T22:27,0,71100
123,1571878,34,79900,112900,96.0,4512,2023-03-22T22:27,-7990,71910
124,2086731,35,95000,129000,97.0,2098,2023-03-22T22:27,-19000,76000
125,2284220,36,79900,112900,96.0,1582,2023-03-22T22:27,0,79900
126,2496650,37,43900,109000,96.0,589,2023-03-22T22:27,0,43900
127,3029811,38,63200,79000,98.0,161,2023-03-22T22:27,-6320,56880
128,1108007,39,71790,79900,95.0,47721,2023-03-22T22:27,-7179,64611
129,1593755,40,78100,111700,97.0,14307,2023-03-22T22:27,-7810,70290
130,1778408,41,42000,45000,95.0,11435,2023-03-22T22:27,0,42000
131,2471405,42,99000,138000,97.0,1901,2023-03-22T22:27,0,99000
132,2297046,43,149000,199000,97.0,1610,2023-03-22T22:27,-7450,141550
133,3058495,44,198000,220000,99.0,44,2023-03-22T22:27,0,198000
134,2357957,45,149000,0,97.0,2059,2023-03-22T22:27,0,149000
135,1833230,46,108800,136000,97.0,5303,2023-03-22T22:27,0,108800
136,2670700,47,268900,298000,98.0,1124,2023-03-22T22:27,0,268900
137,1683384,48,599000,0,100.0,9,2023-03-22T22:27,0,599000
138,406537,49,245000,339000,95.0,4385,2023-03-22T22:27,-49000,196000
139,2102252,50,69900,129000,94.0,6157,2023-03-22T22:27,-13980,55920
140,709189,51,156700,209000,96.0,7331,2023-03-22T22:27,-15670,141030
141,2718413,52,134100,149000,97.0,1301,2023-03-22T22:27,0,134100
142,2064478,53,79900,138000,95.0,21089,2023-03-22T22:27,-15980,63920
143,3042246,54,139300,199000,95.0,33,2023-03-22T22:27,-13930,125370
144,3042243,55,139300,199000,99.0,23,2023-03-22T22:27,-13930,125370
145,2732486,56,109000,179000,98.0,504,2023-03-22T22:27,0,109000
146,2322839,57,139200,174000,97.0,737,2023-03-22T22:27,-13920,125280
147,3129646,58,71910,79900,95.0,4,2023-03-22T22:27,-14382,57528
148,1758197,59,79800,94000,97.0,14637,2023-03-22T22:27,-15960,63840
149,3010527,60,237150,279000,97.0,116,2023-03-22T22:27,0,237150
150,1633664,61,76300,109000,97.0,4013,2023-03-22T22:27,0,76300
151,2322836,62,139200,174000,97.0,937,2023-03-22T22:27,-13920,125280
152,2342436,63,111300,159000,96.0,73,2023-03-22T22:27,-11130,100170
153,1608372,64,121000,132000,96.0,3155,2023-03-22T22:27,0,121000
154,3039655,65,69700,83000,96.0,358,2023-03-22T22:27,0,69700
155,2159724,66,29900,32000,95.0,2080,2023-03-22T22:27,0,29900
156,3042936,67,90900,105000,97.0,252,2023-03-22T22:27,0,90900
157,2184466,68,359000,0,97.0,17,2023-03-22T22:27,0,359000
158,2322838,69,139200,174000,97.0,295,2023-03-22T22:27,-13920,125280
159,3056018,70,62300,89000,98.0,186,2023-03-22T22:27,0,62300
160,2701889,71,58200,97000,95.0,4007,2023-03-22T22:27,0,58200
161,3039905,72,268000,0,98.0,13,2023-03-22T22:27,0,268000
162,1776552,73,65000,69000,94.0,5999,2023-03-22T22:27,0,65000
163,2375909,74,76290,89900,97.0,1435,2023-03-22T22:27,0,76290
164,1744440,75,350000,410000,97.0,236,2023-03-22T22:27,-70000,280000
165,2343199,76,119000,129000,98.0,1684,2023-03-22T22:27,0,119000
166,3079071,77,64900,87000,100.0,19,2023-03-22T22:27,-12980,51920
167,1737051,78,62300,89000,96.0,4984,2023-03-22T22:27,0,62300
168,1558683,79,81900,0,97.0,6088,2023-03-22T22:27,-8190,73710
169,3033224,80,59900,74000,97.0,421,2023-03-22T22:27,-5990,53910
170,1751722,81,53910,59900,97.0,3220,2023-03-22T22:27,-10782,43128
171,2712632,82,107000,0,97.0,1230,2023-03-22T22:27,0,107000
172,3037473,83,69900,85900,97.0,74,2023-03-22T22:27,-6990,62910
173,2668986,84,35910,39900,96.0,3216,2023-03-22T22:27,-7182,28728
174,3061176,85,799000,0,96.0,10,2023-03-22T22:27,0,799000
175,2697873,86,107000,0,97.0,761,2023-03-22T22:27,0,107000
176,1280576,87,37200,62000,96.0,24950,2023-03-22T22:27,0,37200
177,1337096,88,69900,0,96.0,2786,2023-03-22T22:27,-6990,62910
178,3098417,89,149000,199000,97.0,388,2023-03-22T22:27,0,149000
179,1760177,90,139200,174000,97.0,291,2023-03-22T22:27,-13920,125280
180,1149329,1,39900,0,96.0,84955,2023-03-22T22:27,-3990,35910
181,2112059,2,33900,52000,97.0,41683,2023-03-22T22:27,0,33900
182,1551840,3,39000,0,97.0,82230,2023-03-22T22:27,-3900,35100
183,750908,4,31900,54000,96.0,83095,2023-03-22T22:27,0,31900
184,1149328,5,39900,0,96.0,94020,2023-03-22T22:27,-3990,35910
185,1168906,6,41900,0,97.0,70124,2023-03-22T22:27,-4190,37710
186,3141395,7,49900,73900,0.0,0,2023-03-22T22:27,-4990,44910
187,2092852,8,42000,52800,96.0,10567,2023-03-22T22:27,-4200,37800
188,858911,9,39000,49000,95.0,66362,2023-03-22T22:27,-3900,35100
189,1568057,10,43400,62000,96.0,21711,2023-03-22T22:27,0,43400
190,2060719,11,47800,69000,96.0,4683,2023-03-22T22:27,-4780,43020
191,2112061,12,36400,52000,97.0,14039,2023-03-22T22:27,-3640,32760
192,2028327,13,49900,0,96.0,8616,2023-03-22T22:27,-4990,44910
193,1370101,14,37500,89000,96.0,22215,2023-03-22T22:27,0,37500
194,3011537,15,44910,49900,97.0,86,2023-03-22T22:27,-8982,35928
195,2060717,16,55200,69000,95.0,3495,2023-03-22T22:27,-5520,49680
196,1551839,17,39000,0,97.0,22793,2023-03-22T22:27,-3900,35100
197,1552753,18,63960,78000,97.0,27838,2023-03-22T22:27,-6396,57564
198,2028326,19,49900,0,97.0,5821,2023-03-22T22:27,-4990,44910
199,2060720,20,55200,69000,95.0,2373,2023-03-22T22:27,-5520,49680
200,2060759,21,59800,74800,97.0,6962,2023-03-22T22:27,-8970,50830
201,2107115,22,98500,135000,98.0,11546,2023-03-22T22:27,-4925,93575
202,1222184,23,41900,0,97.0,47934,2023-03-22T22:27,-4190,37710
203,2569078,24,63200,79000,96.0,2314,2023-03-22T22:27,0,63200
204,1555407,25,63960,78000,97.0,11297,2023-03-22T22:27,-6396,57564
205,1736085,26,39900,59800,96.0,35881,2023-03-22T22:27,0,39900
206,3034429,27,75650,89000,99.0,42,2023-03-22T22:27,-3783,71867
207,1568032,28,43400,62000,96.0,5884,2023-03-22T22:27,0,43400
208,890338,29,39000,49000,95.0,47313,2023-03-22T22:27,-3900,35100
209,2092849,30,42000,52800,96.0,9543,2023-03-22T22:27,-4200,37800
210,2028329,31,49900,0,95.0,6273,2023-03-22T22:27,-4990,44910
211,2789111,32,84150,99000,97.0,650,2023-03-22T22:27,0,84150
212,2789091,33,84150,99000,96.0,545,2023-03-22T22:27,0,84150
213,1168922,34,43900,0,96.0,17943,2023-03-22T22:27,-4390,39510
214,2184087,35,44500,89000,96.0,3861,2023-03-22T22:27,-4450,40050
215,2032901,36,39900,0,97.0,6577,2023-03-22T22:27,-3990,35910
216,2358429,37,135150,159000,98.0,2501,2023-03-22T22:27,-13515,121635
217,1620263,38,189000,0,94.0,39,2023-03-22T22:27,0,189000
218,3034428,39,75650,89000,97.0,28,2023-03-22T22:27,-3783,71867
219,1212776,40,28690,31900,96.0,22907,2023-03-22T22:27,0,28690
220,2049103,41,63960,78000,97.0,6982,2023-03-22T22:27,-6396,57564
221,2351467,42,39800,54000,96.0,5703,2023-03-22T22:27,-3980,35820
222,3039451,43,41300,70100,96.0,361,2023-03-22T22:27,-4130,37170
223,1224095,44,35890,39900,97.0,24123,2023-03-22T22:27,-3589,32301
224,890521,45,39800,63000,94.0,10745,2023-03-22T22:27,0,39800
225,2723714,46,52000,58000,96.0,1295,2023-03-22T22:27,0,52000
226,2749153,47,66600,74000,97.0,453,2023-03-22T22:27,0,66600
227,2060743,48,33000,55000,95.0,3344,2023-03-22T22:27,-3300,29700
228,1323090,49,64400,92000,96.0,5844,2023-03-22T22:27,-6440,57960
229,2297033,50,109000,149000,97.0,1773,2023-03-22T22:27,0,109000
230,2578996,51,39900,59000,95.0,4505,2023-03-22T22:27,-5985,33915
231,3055000,52,118000,0,97.0,146,2023-03-22T22:27,-11800,106200
232,3152538,53,78650,143000,0.0,0,2023-03-22T22:27,0,78650
233,1627892,54,43900,0,97.0,10187,2023-03-22T22:27,0,43900
234,1403480,55,77000,98000,97.0,7596,2023-03-22T22:27,-11550,65450
235,2069525,56,41900,0,96.0,3574,2023-03-22T22:27,-4190,37710
236,2150457,57,119250,159000,97.0,3625,2023-03-22T22:27,-11925,107325
237,1477272,58,44200,68000,96.0,17498,2023-03-22T22:27,-2210,41990
238,3022892,59,39000,49000,96.0,240,2023-03-22T22:27,-3900,35100
239,2980254,60,44910,49900,98.0,54,2023-03-22T22:27,-8982,35928
240,2261213,61,98550,135000,98.0,3993,2023-03-22T22:27,-4928,93622
241,2110476,62,219000,0,91.0,24,2023-03-22T22:27,0,219000
242,2396607,63,39900,49000,96.0,2171,2023-03-22T22:27,-3990,35910
243,3062950,64,132050,139000,98.0,19,2023-03-22T22:27,0,132050
244,404949,65,39000,0,95.0,54807,2023-03-22T22:27,-3900,35100
245,1985223,66,37500,89000,96.0,1443,2023-03-22T22:27,0,37500
246,2562527,67,29400,42000,97.0,3787,2023-03-22T22:27,-4410,24990
247,3061200,68,115000,0,98.0,320,2023-03-22T22:27,0,115000
248,2709031,69,36700,52800,96.0,3322,2023-03-22T22:27,-3670,33030
249,1246215,70,49000,65000,96.0,6203,2023-03-22T22:27,-4900,44100
250,978464,71,58500,78000,94.0,58507,2023-03-22T22:27,-5850,52650
251,3070909,72,125100,139000,100.0,3,2023-03-22T22:27,0,125100
252,1168907,73,39900,0,96.0,9624,2023-03-22T22:27,-3990,35910
253,2569079,74,59250,79000,96.0,1034,2023-03-22T22:27,0,59250
254,2319844,75,85600,107000,98.0,3717,2023-03-22T22:27,-4280,81320
255,2310310,76,116100,129000,98.0,870,2023-03-22T22:27,-11610,104490
256,1854665,77,139000,0,97.0,1014,2023-03-22T22:27,0,139000
257,1924274,78,40500,66000,95.0,22328,2023-03-22T22:27,-4050,36450
258,3046900,79,79900,95000,98.0,22,2023-03-22T22:27,-7990,71910
259,2208664,80,44890,49900,96.0,1604,2023-03-22T22:27,0,44890
260,1216295,81,39900,0,96.0,13888,2023-03-22T22:27,-3990,35910
261,1130699,82,39000,49000,96.0,6112,2023-03-22T22:27,-3900,35100
262,2391746,83,49900,0,95.0,1628,2023-03-22T22:27,-4990,44910
263,2131950,84,39000,49000,97.0,3521,2023-03-22T22:27,-3900,35100
264,2107114,85,98500,135000,98.0,2513,2023-03-22T22:27,-4925,93575
265,3124781,86,75650,89000,100.0,21,2023-03-22T22:27,-3783,71867
266,1731127,87,111200,139000,97.0,2112,2023-03-22T22:27,0,111200
267,1675527,88,39900,0,96.0,6600,2023-03-22T22:27,-3990,35910
268,2392464,89,33900,0,95.0,3565,2023-03-22T22:27,0,33900
269,3138718,90,115200,128000,100.0,3,2023-03-22T22:27,0,115200
270,1789507,1,69900,79000,98.0,25412,2023-03-22T22:27,0,69900
271,1034480,2,135000,150000,97.0,17811,2023-03-22T22:27,0,135000
272,2235274,3,145000,0,97.0,594,2023-03-22T22:27,0,145000
273,1969507,4,88000,0,98.0,5185,2023-03-22T22:27,0,88000
274,2344538,5,119000,0,98.0,6171,2023-03-22T22:27,0,119000
275,2343665,6,89000,0,97.0,4395,2023-03-22T22:27,0,89000
276,1264107,7,65000,90000,97.0,6133,2023-03-22T22:27,0,65000
277,2344540,8,96000,0,98.0,8935,2023-03-22T22:27,0,96000
278,2849890,9,1798000,2550000,100.0,1,2023-03-22T22:27,-30000,1768000
279,2954961,10,95000,0,97.0,321,2023-03-22T22:27,0,95000
280,2558648,11,119000,0,98.0,1184,2023-03-22T22:27,0,119000
281,2789786,12,150100,158000,97.0,199,2023-03-22T22:27,-30020,120080
282,1835080,13,98000,0,97.0,2649,2023-03-22T22:27,0,98000
283,2112607,14,178000,0,97.0,318,2023-03-22T22:27,0,178000
284,2577899,15,138000,0,97.0,263,2023-03-22T22:27,0,138000
285,2271789,16,71100,79000,97.0,2406,2023-03-22T22:27,0,71100
286,2066837,17,79000,119000,97.0,6280,2023-03-22T22:27,-7900,71100
287,2320927,18,39000,51000,97.0,1929,2023-03-22T22:27,0,39000
288,3029922,19,295000,0,98.0,59,2023-03-22T22:27,0,295000
289,3034749,20,64800,72000,97.0,294,2023-03-22T22:27,0,64800
290,1581689,21,75600,89000,97.0,3854,2023-03-22T22:27,0,75600
291,1564343,22,92800,119000,98.0,8007,2023-03-22T22:27,0,92800
292,2408317,23,145800,162000,97.0,321,2023-03-22T22:27,0,145800
293,3034751,24,64800,72000,97.0,265,2023-03-22T22:27,0,64800
294,1744101,25,103500,109000,98.0,2752,2023-03-22T22:27,0,103500
295,1758217,26,43900,56000,97.0,13004,2023-03-22T22:27,-8780,35120
296,2979861,27,1042000,1430000,100.0,2,2023-03-22T22:27,-30000,1012000
297,2630526,28,100000,0,96.0,572,2023-03-22T22:27,-10000,90000
298,693318,29,79000,110000,96.0,13065,2023-03-22T22:27,0,79000
299,2393864,30,1950000,3130000,100.0,1,2023-03-22T22:27,-30000,1920000
300,2875852,31,1954000,2950000,0.0,0,2023-03-22T22:27,-30000,1924000
301,2744332,32,159000,0,99.0,180,2023-03-22T22:27,0,159000
302,1263004,33,159000,0,97.0,5214,2023-03-22T22:27,0,159000
303,2664933,34,90000,0,96.0,303,2023-03-22T22:27,0,90000
304,2979849,35,1852000,2370000,100.0,3,2023-03-22T22:27,-30000,1822000
305,3029931,36,365000,0,100.0,44,2023-03-22T22:27,0,365000
306,342189,37,39500,52000,95.0,15561,2023-03-22T22:27,0,39500
307,1969488,38,88000,0,98.0,1641,2023-03-22T22:27,0,88000
308,1528287,39,46500,49000,96.0,4448,2023-03-22T22:27,0,46500
309,2657250,40,125400,149000,98.0,83,2023-03-22T22:27,0,125400
310,3110259,41,1680000,2290000,0.0,0,2023-03-22T22:27,-30000,1650000
311,1842449,42,84000,99000,97.0,5240,2023-03-22T22:27,0,84000
312,2343664,43,89000,0,97.0,1302,2023-03-22T22:27,0,89000
313,1320752,44,66800,135000,97.0,4657,2023-03-22T22:27,0,66800
314,3038000,45,66400,83000,96.0,199,2023-03-22T22:27,-9960,56440
315,2789785,46,140600,148000,97.0,522,2023-03-22T22:27,-28120,112480
316,3024801,47,138000,0,100.0,10,2023-03-22T22:27,0,138000
317,1247560,48,69900,79000,96.0,4216,2023-03-22T22:27,0,69900
318,2555081,49,1557000,2600000,0.0,0,2023-03-22T22:27,-30000,1527000
319,2869084,50,369000,0,97.0,18,2023-03-22T22:27,0,369000
320,2732725,51,761000,1120000,100.0,6,2023-03-22T22:27,-30000,731000
321,2930578,52,1508000,2290000,100.0,5,2023-03-22T22:27,-30000,1478000
322,1576725,53,137000,197000,97.0,5196,2023-03-22T22:27,-27400,109600
323,2979852,54,1391000,1670000,83.0,6,2023-03-22T22:27,-30000,1361000
324,2514819,55,59000,66000,97.0,729,2023-03-22T22:27,0,59000
325,3028885,56,159000,0,94.0,11,2023-03-22T22:27,0,159000
326,1964770,57,59400,66000,97.0,2408,2023-03-22T22:27,-5940,53460
327,1534526,58,52200,55000,97.0,2336,2023-03-22T22:27,0,52200
328,3045584,59,130500,145000,97.0,3730,2023-03-22T22:27,0,130500
329,2377589,60,128000,0,97.0,381,2023-03-22T22:27,0,128000
330,2110431,61,129000,0,98.0,16,2023-03-22T22:27,0,129000
331,3034745,62,75600,84000,97.0,130,2023-03-22T22:27,0,75600
332,1749492,63,89100,99000,98.0,3800,2023-03-22T22:27,0,89100
333,2245910,64,46000,69000,95.0,672,2023-03-22T22:27,0,46000
334,2754080,65,88000,0,97.0,436,2023-03-22T22:27,0,88000
335,2624678,66,145000,0,96.0,130,2023-03-22T22:27,0,145000
336,913402,67,83000,98000,95.0,7961,2023-03-22T22:27,0,83000
337,3035784,68,65000,0,98.0,108,2023-03-22T22:27,0,65000
338,2777545,69,130000,0,95.0,155,2023-03-22T22:27,0,130000
339,2993947,70,100000,0,96.0,115,2023-03-22T22:27,-10000,90000
340,2702033,71,127200,159000,97.0,352,2023-03-22T22:27,0,127200
341,2789787,72,140600,148000,96.0,302,2023-03-22T22:27,-28120,112480
342,2975285,73,58500,65000,98.0,273,2023-03-22T22:27,0,58500
343,2110430,74,159000,0,98.0,24,2023-03-22T22:27,0,159000
344,2395671,75,98000,0,97.0,903,2023-03-22T22:27,0,98000
345,1910358,76,99000,0,98.0,2422,2023-03-22T22:27,0,99000
346,1802030,77,119000,0,97.0,692,2023-03-22T22:27,-29750,89250
347,1745100,78,103500,109000,97.0,956,2023-03-22T22:27,0,103500
348,2261685,79,125000,0,98.0,162,2023-03-22T22:27,0,125000
349,1453531,80,53000,59000,96.0,2947,2023-03-22T22:27,0,53000
350,3029916,81,325000,0,99.0,42,2023-03-22T22:27,0,325000
351,3048786,82,1385000,3050000,0.0,0,2023-03-22T22:27,-30000,1355000
352,1576625,83,109000,0,97.0,2029,2023-03-22T22:27,-16350,92650
353,2930265,84,91000,0,98.0,485,2023-03-22T22:27,0,91000
354,1256451,85,49700,89000,97.0,4213,2023-03-22T22:27,-9940,39760
355,3142253,86,39900,49600,0.0,0,2023-03-22T22:27,-3990,35910
356,3036071,87,65000,0,98.0,119,2023-03-22T22:27,0,65000
357,3061872,88,80100,89000,0.0,0,2023-03-22T22:27,0,80100
358,1971352,89,170100,189000,96.0,213,2023-03-22T22:27,0,170100
359,938746,90,80100,89000,95.0,12448,2023-03-22T22:27,0,80100
360,1622068,1,119000,0,97.0,6253,2023-03-22T22:27,0,119000
361,1762407,2,260000,0,97.0,2971,2023-03-22T22:27,0,260000
362,577636,3,99900,139000,95.0,30832,2023-03-22T22:27,0,99900
363,2293400,4,129000,0,96.0,804,2023-03-22T22:27,0,129000
364,2638067,5,99000,139000,97.0,2773,2023-03-22T22:27,0,99000
365,969541,6,69000,0,97.0,28896,2023-03-22T22:27,0,69000
366,2320478,7,129000,0,97.0,386,2023-03-22T22:27,0,129000
367,2673444,8,39900,149000,95.0,111,2023-03-22T22:27,0,39900
368,1762406,9,260000,0,98.0,3162,2023-03-22T22:27,0,260000
369,3091287,10,119000,0,97.0,127,2023-03-22T22:27,0,119000
370,810034,11,85500,95000,97.0,44923,2023-03-22T22:27,0,85500
371,311052,12,53100,59000,97.0,40838,2023-03-22T22:27,0,53100
372,186610,13,75900,85000,97.0,16353,2023-03-22T22:27,0,75900
373,2383963,14,139000,0,97.0,87,2023-03-22T22:27,0,139000
374,2741233,15,109000,0,97.0,2584,2023-03-22T22:27,0,109000
375,1990244,16,129000,0,98.0,975,2023-03-22T22:27,0,129000
376,695334,17,78900,99000,96.0,9062,2023-03-22T22:27,0,78900
377,3030422,18,139000,0,96.0,708,2023-03-22T22:27,-13900,125100
378,3079037,19,195000,0,97.0,135,2023-03-22T22:27,0,195000
379,2992063,20,280000,0,98.0,2022,2023-03-22T22:27,0,280000
380,1900410,21,129000,0,97.0,4785,2023-03-22T22:27,0,129000
381,2622254,22,109000,0,98.0,808,2023-03-22T22:27,0,109000
382,810033,23,89100,99000,97.0,34104,2023-03-22T22:27,0,89100
383,1792640,24,99000,0,98.0,3350,2023-03-22T22:27,0,99000
384,3033248,25,109000,0,97.0,512,2023-03-22T22:27,0,109000
385,2233180,26,75900,109000,97.0,14008,2023-03-22T22:27,0,75900
386,181907,27,89900,119000,97.0,6951,2023-03-22T22:27,0,89900
387,2440110,28,53910,59900,97.0,754,2023-03-22T22:27,-4010,49900
388,816033,29,70900,89000,96.0,13070,2023-03-22T22:27,0,70900
389,490136,30,76000,95000,98.0,1876,2023-03-22T22:27,0,76000
390,1744960,31,119900,149000,97.0,8169,2023-03-22T22:27,0,119900
391,2899664,32,109900,159000,96.0,71,2023-03-22T22:27,0,109900
392,2861395,33,109900,139000,96.0,440,2023-03-22T22:27,0,109900
393,2861393,34,109900,139000,93.0,229,2023-03-22T22:27,0,109900
394,2731878,35,67900,79000,97.0,1363,2023-03-22T22:27,0,67900
395,2161992,36,69900,95000,98.0,3051,2023-03-22T22:27,0,69900
396,2565212,37,119000,0,99.0,393,2023-03-22T22:27,0,119000
397,2524840,38,139000,0,96.0,759,2023-03-22T22:27,0,139000
398,2577087,39,89900,139000,97.0,303,2023-03-22T22:27,0,89900
399,2996167,40,109900,139000,98.0,102,2023-03-22T22:27,0,109900
400,102620,41,69000,0,97.0,17640,2023-03-22T22:27,0,69000
401,3100522,42,129000,0,98.0,106,2023-03-22T22:27,0,129000
402,2778805,43,99000,0,97.0,849,2023-03-22T22:27,0,99000
403,810032,44,85500,95000,97.0,13651,2023-03-22T22:27,0,85500
404,1883698,45,139000,0,98.0,32,2023-03-22T22:27,0,139000
405,1493265,46,85500,95000,98.0,4801,2023-03-22T22:27,0,85500
406,2268512,47,109000,0,97.0,372,2023-03-22T22:27,0,109000
407,2768319,48,39900,109000,96.0,304,2023-03-22T22:27,0,39900
408,3096431,49,139000,0,98.0,10,2023-03-22T22:27,0,139000
409,1473136,50,119900,149000,97.0,10723,2023-03-22T22:27,0,119900
410,2861392,51,124900,139000,97.0,518,2023-03-22T22:27,0,124900
411,2682873,52,220000,0,97.0,84,2023-03-22T22:27,0,220000
412,490135,53,75900,95000,97.0,3051,2023-03-22T22:27,0,75900
413,3081253,54,112900,129000,94.0,54,2023-03-22T22:27,0,112900
414,1130307,55,109000,0,97.0,6003,2023-03-22T22:27,0,109000
415,1296778,56,99000,0,98.0,2010,2023-03-22T22:27,0,99000
416,3033084,57,129000,0,99.0,69,2023-03-22T22:27,0,129000
417,1608838,58,85000,0,97.0,12520,2023-03-22T22:27,0,85000
418,957758,59,89000,0,97.0,4268,2023-03-22T22:27,0,89000
419,311050,60,53100,59000,97.0,8947,2023-03-22T22:27,0,53100
420,2899656,61,109900,159000,94.0,65,2023-03-22T22:27,0,109900
421,2737457,62,230000,0,98.0,408,2023-03-22T22:27,0,230000
422,1296776,63,99000,0,98.0,2898,2023-03-22T22:27,0,99000
423,1686571,64,59900,129000,97.0,5209,2023-03-22T22:27,0,59900
424,2622252,65,109000,0,97.0,193,2023-03-22T22:27,0,109000
425,1594352,66,85000,0,97.0,5519,2023-03-22T22:27,0,85000
426,2233178,67,75900,109000,97.0,4850,2023-03-22T22:27,0,75900
427,2430426,68,169000,0,98.0,679,2023-03-22T22:27,0,169000
428,716244,69,69900,95000,98.0,1016,2023-03-22T22:27,0,69900
429,1494180,70,71100,79000,95.0,5176,2023-03-22T22:27,0,71100
430,2733049,71,47600,119000,96.0,388,2023-03-22T22:27,0,47600
431,1354129,72,69000,99000,95.0,8623,2023-03-22T22:27,-6900,62100
432,1868015,73,119900,129000,97.0,1886,2023-03-22T22:27,0,119900
433,1798273,74,69000,119000,96.0,1123,2023-03-22T22:27,0,69000
434,2737460,75,230000,0,98.0,117,2023-03-22T22:27,0,230000
435,2493214,76,169000,0,98.0,148,2023-03-22T22:27,0,169000
436,1955217,77,71000,109000,96.0,5070,2023-03-22T22:27,-7100,63900
437,2909715,78,119000,0,96.0,62,2023-03-22T22:27,0,119000
438,1812247,79,80100,89000,97.0,2967,2023-03-22T22:27,-4005,76095
439,1635193,80,69900,0,96.0,3601,2023-03-22T22:27,-6990,62910
440,2992069,81,109900,139000,97.0,152,2023-03-22T22:27,0,109900
441,311051,82,58500,65000,97.0,19455,2023-03-22T22:27,0,58500
442,2631192,83,98100,109000,98.0,314,2023-03-22T22:27,0,98100
443,3091286,84,119000,0,94.0,23,2023-03-22T22:27,0,119000
444,1478592,85,75900,95000,97.0,2841,2023-03-22T22:27,0,75900
445,2469964,86,59900,149000,95.0,163,2023-03-22T22:27,0,59900
446,2934152,87,129000,0,97.0,87,2023-03-22T22:27,0,129000
447,3091289,88,119000,0,98.0,48,2023-03-22T22:27,0,119000
448,3023097,89,230000,0,98.0,71,2023-03-22T22:27,0,230000
449,2777005,90,477000,815000,94.0,28,2023-03-22T22:27,-30000,447000
450,2446608,1,39900,59000,97.0,451,2023-03-22T22:27,0,39900
451,2020444,2,15200,38000,96.0,131,2023-03-22T22:27,0,15200
452,1568047,3,143100,159000,95.0,11950,2023-03-22T22:27,0,143100
453,595040,4,210000,0,95.0,8674,2023-03-22T22:27,0,210000
454,1092992,5,69000,0,97.0,37496,2023-03-22T22:27,0,69000
455,2664373,6,58500,65000,97.0,830,2023-03-22T22:27,0,58500
456,2433538,7,86700,102000,96.0,2280,2023-03-22T22:27,0,86700
457,2093156,8,259000,0,90.0,15,2023-03-22T22:27,0,259000
458,2069832,9,199900,332000,95.0,733,2023-03-22T22:27,-39980,159920
459,2395327,10,149000,0,97.0,540,2023-03-22T22:27,0,149000
460,2664372,11,58500,65000,97.0,882,2023-03-22T22:27,0,58500
461,2091749,12,80100,89000,95.0,6100,2023-03-22T22:27,0,80100
462,2910082,13,265500,295000,98.0,395,2023-03-22T22:27,0,265500
463,1339622,14,42900,59000,97.0,16003,2023-03-22T22:27,0,42900
464,2910086,15,265500,295000,98.0,167,2023-03-22T22:27,0,265500
465,2101924,16,99900,0,96.0,1321,2023-03-22T22:27,-9990,89910
466,3075621,17,339000,0,98.0,42,2023-03-22T22:27,0,339000
467,2816816,18,159900,0,97.0,1792,2023-03-22T22:27,0,159900
468,2972872,19,57900,65000,97.0,246,2023-03-22T22:27,0,57900
469,1890398,20,132000,168000,96.0,2649,2023-03-22T22:27,0,132000
470,595039,21,210000,0,97.0,3447,2023-03-22T22:27,0,210000
471,1730340,22,258000,0,97.0,4071,2023-03-22T22:27,0,258000
472,2143833,23,91800,108000,96.0,2338,2023-03-22T22:27,0,91800
473,2432733,24,44900,59000,97.0,2553,2023-03-22T22:27,0,44900
474,1724193,25,251900,280000,98.0,1446,2023-03-22T22:27,0,251900
475,2518112,26,89250,105000,96.0,888,2023-03-22T22:27,0,89250
476,2816812,27,119900,0,92.0,1474,2023-03-22T22:27,0,119900
477,2750309,28,44900,59000,98.0,333,2023-03-22T22:27,0,44900
478,1262089,29,300000,0,97.0,1577,2023-03-22T22:27,0,300000
479,1952910,30,265500,295000,98.0,1717,2023-03-22T22:27,0,265500
480,1334438,31,170000,0,96.0,4374,2023-03-22T22:27,0,170000
481,1699941,32,67150,79000,97.0,4694,2023-03-22T22:27,-3358,63792
482,2305529,33,132000,168000,97.0,68,2023-03-22T22:27,0,132000
483,1815709,34,132000,168000,96.0,7085,2023-03-22T22:27,0,132000
484,2419871,35,44900,59000,97.0,835,2023-03-22T22:27,0,44900
485,2589483,36,58500,65000,97.0,1218,2023-03-22T22:27,0,58500
486,1262092,37,250000,0,96.0,761,2023-03-22T22:27,0,250000
487,2624538,38,40900,59000,97.0,1231,2023-03-22T22:27,0,40900
488,2437045,39,157000,218000,97.0,471,2023-03-22T22:27,0,157000
489,2688591,40,595000,1150000,98.0,10,2023-03-22T22:27,-30000,565000
490,2305523,41,139000,198000,96.0,59,2023-03-22T22:27,0,139000
491,3042337,42,1302000,0,0.0,0,2023-03-22T22:27,-30000,1272000
492,2093153,43,369000,0,96.0,18,2023-03-22T22:27,0,369000
493,3154541,44,129000,0,100.0,2,2023-03-22T22:27,0,129000
494,2633381,45,601200,992000,0.0,0,2023-03-22T22:27,-30000,571200
495,3049313,46,57100,64900,97.0,337,2023-03-22T22:27,0,57100
496,1128656,47,86800,99000,95.0,21522,2023-03-22T22:27,0,86800
497,1439535,48,44000,0,96.0,16268,2023-03-22T22:27,0,44000
498,1720827,49,169000,0,98.0,558,2023-03-22T22:27,0,169000
499,1720813,50,149000,0,97.0,395,2023-03-22T22:27,0,149000
500,3084458,51,138000,197000,0.0,0,2023-03-22T22:27,-13800,124200
501,1562990,52,230000,0,96.0,1266,2023-03-22T22:27,0,230000
502,3124961,53,62100,69000,0.0,0,2023-03-22T22:27,-3105,58995
503,2355318,54,98790,109900,96.0,623,2023-03-22T22:27,-9879,88911
504,1273517,55,14900,34000,97.0,1218,2023-03-22T22:27,0,14900
505,1813898,56,219000,0,97.0,27,2023-03-22T22:27,0,219000
506,1755977,57,29900,45000,95.0,4081,2023-03-22T22:27,0,29900
507,636821,58,143650,169000,93.0,2562,2023-03-22T22:27,0,143650
508,2614276,59,69000,0,97.0,513,2023-03-22T22:27,0,69000
509,2101923,60,89790,99900,96.0,592,2023-03-22T22:27,-8979,80811
510,1973858,61,134250,179000,98.0,1140,2023-03-22T22:27,0,134250
511,451851,62,268000,0,97.0,1935,2023-03-22T22:27,0,268000
512,2972873,63,57900,65000,99.0,65,2023-03-22T22:27,0,57900
513,665782,64,260000,0,95.0,3627,2023-03-22T22:27,0,260000
514,3062046,65,78300,87000,95.0,47,2023-03-22T22:27,-3915,74385
515,1438359,66,98000,0,97.0,1147,2023-03-22T22:27,0,98000
516,3103381,67,57900,65000,89.0,11,2023-03-22T22:27,0,57900
517,2737420,68,87550,103000,95.0,450,2023-03-22T22:27,0,87550
518,1021359,69,76000,100000,94.0,5362,2023-03-22T22:27,0,76000
519,3084468,70,138000,197000,0.0,0,2023-03-22T22:27,-13800,124200
520,2257887,71,109000,119000,96.0,2317,2023-03-22T22:27,0,109000
521,2741208,72,98790,109900,96.0,155,2023-03-22T22:27,-9879,88911
522,2889427,73,730000,1190000,97.0,7,2023-03-22T22:27,-30000,700000
523,3102066,74,159000,0,100.0,8,2023-03-22T22:27,0,159000
524,2340324,75,179100,199000,97.0,160,2023-03-22T22:27,0,179100
525,2736221,76,110000,0,96.0,198,2023-03-22T22:27,0,110000
526,2445944,77,120000,240000,98.0,46,2023-03-22T22:27,0,120000
527,3084457,78,138000,197000,100.0,3,2023-03-22T22:27,-13800,124200
528,3103382,79,57900,65000,97.0,7,2023-03-22T22:27,0,57900
529,499300,80,220000,0,96.0,876,2023-03-22T22:27,0,220000
530,2356342,81,103890,129900,94.0,440,2023-03-22T22:27,0,103890
531,2257886,82,109000,119000,95.0,1415,2023-03-22T22:27,0,109000
532,706935,83,210000,0,95.0,827,2023-03-22T22:27,0,210000
533,1215246,84,54300,110000,95.0,338,2023-03-22T22:27,0,54300
534,595038,85,210000,0,96.0,1307,2023-03-22T22:27,0,210000
535,2880951,86,692000,980000,0.0,0,2023-03-22T22:27,-30000,662000
536,1129750,87,69000,0,97.0,3841,2023-03-22T22:27,0,69000
537,1754219,88,31200,39000,96.0,2205,2023-03-22T22:27,0,31200
538,2744907,89,68850,81000,96.0,944,2023-03-22T22:27,0,68850
539,2942580,90,226100,276000,99.0,23,2023-03-22T22:27,0,226100
540,3061175,1,89000,0,100.0,58,2023-03-22T22:27,0,89000
541,2879419,2,46900,55000,98.0,543,2023-03-22T22:27,0,46900
542,1214164,3,36000,0,96.0,24728,2023-03-22T22:27,0,36000
543,2280117,4,35100,39000,97.0,5982,2023-03-22T22:27,0,35100
544,1836699,5,79000,0,97.0,216,2023-03-22T22:27,0,79000
545,2134140,6,39000,0,97.0,3405,2023-03-22T22:27,0,39000
546,1214174,7,36000,0,97.0,14912,2023-03-22T22:27,0,36000
547,1771137,8,26100,29000,97.0,12282,2023-03-22T22:27,0,26100
548,1214109,9,36000,0,97.0,7989,2023-03-22T22:27,0,36000
549,1272626,10,36000,0,96.0,14007,2023-03-22T22:27,0,36000
550,2356713,11,39000,0,97.0,1392,2023-03-22T22:27,0,39000
551,2286829,12,31450,37000,95.0,4692,2023-03-22T22:27,0,31450
552,2134158,13,39000,0,97.0,2425,2023-03-22T22:27,0,39000
553,1214173,14,36000,0,96.0,5483,2023-03-22T22:27,0,36000
554,1022013,15,79000,0,96.0,6213,2023-03-22T22:27,0,79000
555,1855444,16,37800,42000,97.0,2942,2023-03-22T22:27,0,37800
556,1498091,17,79000,0,97.0,54,2023-03-22T22:27,0,79000
557,1822717,18,56050,59000,97.0,4235,2023-03-22T22:27,0,56050
558,1022014,19,79000,0,96.0,11374,2023-03-22T22:27,0,79000
559,1214317,20,36000,0,97.0,11404,2023-03-22T22:27,0,36000
560,1771132,21,26100,29000,96.0,5142,2023-03-22T22:27,0,26100
561,3012243,22,27900,39900,96.0,33,2023-03-22T22:27,0,27900
562,2356711,23,39000,0,97.0,1420,2023-03-22T22:27,0,39000
563,1907733,24,21900,39000,96.0,3740,2023-03-22T22:27,0,21900
564,1925814,25,35100,39000,96.0,1602,2023-03-22T22:27,0,35100
565,1771133,26,26100,29000,97.0,5611,2023-03-22T22:27,0,26100
566,1300684,27,41300,59000,92.0,232,2023-03-22T22:27,0,41300
567,2123132,28,35200,39000,97.0,6300,2023-03-22T22:27,0,35200
568,2287131,29,37000,0,95.0,1541,2023-03-22T22:27,0,37000
569,2715553,30,68000,0,95.0,229,2023-03-22T22:27,0,68000
570,2028240,31,39000,0,98.0,3307,2023-03-22T22:27,0,39000
571,2879425,32,46900,55000,97.0,193,2023-03-22T22:27,0,46900
572,2464070,33,44000,55000,97.0,259,2023-03-22T22:27,-2200,41800
573,2560668,34,58650,69000,97.0,1195,2023-03-22T22:27,0,58650
574,2329375,35,34710,39000,97.0,2028,2023-03-22T22:27,0,34710
575,2221221,36,35100,39000,96.0,1800,2023-03-22T22:27,0,35100
576,1452917,37,69000,0,96.0,2380,2023-03-22T22:27,0,69000
577,2879417,38,46900,55000,98.0,154,2023-03-22T22:27,0,46900
578,2381807,39,58650,69000,98.0,1123,2023-03-22T22:27,0,58650
579,2591291,40,36750,49000,97.0,988,2023-03-22T22:27,0,36750
580,1497550,41,29600,37000,95.0,5603,2023-03-22T22:27,0,29600
581,1126959,42,29250,39000,91.0,2527,2023-03-22T22:27,0,29250
582,1214169,43,36000,0,97.0,5283,2023-03-22T22:27,0,36000
583,1524720,44,36000,0,96.0,3339,2023-03-22T22:27,0,36000
584,1214106,45,36000,0,96.0,9687,2023-03-22T22:27,0,36000
585,2707659,46,42000,0,98.0,475,2023-03-22T22:27,0,42000
586,1086824,47,29600,37000,95.0,18571,2023-03-22T22:27,0,29600
587,2356693,48,39000,0,97.0,1491,2023-03-22T22:27,0,39000
588,2962388,49,31200,39000,96.0,91,2023-03-22T22:27,0,31200
589,1920929,50,39000,0,97.0,3926,2023-03-22T22:27,0,39000
590,2134287,51,39000,0,98.0,689,2023-03-22T22:27,0,39000
591,3099130,52,54000,0,100.0,4,2023-03-22T22:27,0,54000
592,2107999,53,36000,0,97.0,2614,2023-03-22T22:27,0,36000
593,2650965,54,46900,53000,98.0,340,2023-03-22T22:27,0,46900
594,2650964,55,46900,53000,98.0,156,2023-03-22T22:27,0,46900
595,1214193,56,39000,0,97.0,15274,2023-03-22T22:27,0,39000
596,2672186,57,20900,30000,96.0,523,2023-03-22T22:27,-2090,18810
597,1535402,58,39000,0,97.0,1178,2023-03-22T22:27,0,39000
598,2883809,59,8700,29000,97.0,108,2023-03-22T22:27,0,8700
599,1906772,60,37800,42000,97.0,2981,2023-03-22T22:27,0,37800
600,1157471,61,46550,49000,96.0,921,2023-03-22T22:27,0,46550
601,2169131,62,35100,39000,96.0,424,2023-03-22T22:27,0,35100
602,1602670,63,56050,59000,97.0,729,2023-03-22T22:27,0,56050
603,2435766,64,37900,39900,97.0,183,2023-03-22T22:27,0,37900
604,2922264,65,52000,0,100.0,7,2023-03-22T22:27,0,52000
605,1760824,66,49700,59000,97.0,288,2023-03-22T22:27,0,49700
606,1141872,67,43000,0,97.0,236,2023-03-22T22:27,-6450,36550
607,363169,68,17900,26000,94.0,4328,2023-03-22T22:27,0,17900
608,2280146,69,35100,39000,97.0,877,2023-03-22T22:27,0,35100
609,2089719,70,36000,0,97.0,2365,2023-03-22T22:27,0,36000
610,2883808,71,8700,29000,97.0,41,2023-03-22T22:27,0,8700
611,2289281,72,26600,38000,96.0,847,2023-03-22T22:27,0,26600
612,1632175,73,35200,39000,97.0,2665,2023-03-22T22:27,0,35200
613,2012746,74,44100,49000,96.0,739,2023-03-22T22:27,0,44100
614,2879422,75,46900,55000,100.0,7,2023-03-22T22:27,0,46900
615,470355,76,16900,19000,95.0,5227,2023-03-22T22:27,0,16900
616,1022012,77,79000,0,94.0,2773,2023-03-22T22:27,0,79000
617,2859190,78,31450,37000,95.0,370,2023-03-22T22:27,0,31450
618,2364344,79,30400,38000,97.0,1647,2023-03-22T22:27,0,30400
619,2157079,80,37800,42000,95.0,431,2023-03-22T22:27,0,37800
620,1879865,81,29600,37000,96.0,1002,2023-03-22T22:27,0,29600
621,2476366,82,138000,0,80.0,1,2023-03-22T22:27,-24840,113160
622,2484239,83,30600,36000,97.0,1386,2023-03-22T22:27,0,30600
623,1335132,84,29000,0,95.0,1081,2023-03-22T22:27,0,29000
624,2716310,85,31450,37000,97.0,138,2023-03-22T22:27,0,31450
625,3051146,86,34000,0,0.0,0,2023-03-22T22:27,-3400,30600
626,2715565,87,68000,0,95.0,80,2023-03-22T22:27,0,68000
627,2053753,88,33600,42000,98.0,4079,2023-03-22T22:27,0,33600
628,2478349,89,59000,0,97.0,100,2023-03-22T22:27,0,59000
629,2650966,90,46900,53000,97.0,170,2023-03-22T22:27,0,46900
630,3059119,1,152150,179000,90.0,6,2023-03-22T22:27,-30430,121720
631,3081772,2,189000,0,0.0,0,2023-03-22T22:27,-9450,179550
632,2827957,3,726000,1579000,100.0,2,2023-03-22T22:27,-30000,696000
633,3055337,4,159000,0,0.0,0,2023-03-22T22:27,0,159000
634,1455772,5,94000,0,96.0,206,2023-03-22T22:27,-4700,89300
635,3008189,6,334000,478000,100.0,2,2023-03-22T22:27,-60120,273880
636,1828889,7,360000,0,75.0,4,2023-03-22T22:27,-18000,342000
637,3147475,8,159000,0,0.0,0,2023-03-22T22:27,0,159000
638,3104789,9,113050,119000,0.0,0,2023-03-22T22:27,-5653,107397
639,2714524,10,48300,69000,95.0,387,2023-03-22T22:27,0,48300
640,2605850,11,94000,0,97.0,155,2023-03-22T22:27,-4700,89300
641,2727522,12,350000,0,0.0,0,2023-03-22T22:27,0,350000
642,3106487,13,148000,0,100.0,9,2023-03-22T22:27,0,148000
643,3008190,14,334000,478000,100.0,1,2023-03-22T22:27,-60120,273880
644,2457508,15,153300,219000,98.0,22,2023-03-22T22:27,0,153300
645,1871030,16,133600,167000,94.0,92,2023-03-22T22:27,-6680,126920
646,3083230,17,159000,0,100.0,3,2023-03-22T22:27,-7950,151050
647,2457512,18,237300,339000,98.0,31,2023-03-22T22:27,0,237300
648,2519109,19,293460,438000,0.0,0,2023-03-22T22:27,-38150,255310
649,2320437,20,284000,0,0.0,0,2023-03-22T22:27,0,284000
650,3050173,21,238000,0,0.0,0,2023-03-22T22:27,-35700,202300
651,2512635,22,34900,59000,96.0,188,2023-03-22T22:27,0,34900
652,1044950,23,250000,0,100.0,12,2023-03-22T22:27,0,250000
653,2776621,24,179000,0,100.0,16,2023-03-22T22:27,0,179000
654,3098628,25,235690,259000,0.0,0,2023-03-22T22:27,-42425,193265
655,2318782,26,245000,0,0.0,0,2023-03-22T22:27,0,245000
656,1103286,27,94000,0,94.0,776,2023-03-22T22:27,-4700,89300
657,2153636,28,173600,248000,97.0,29,2023-03-22T22:27,-8680,164920
658,1341924,29,95760,152000,96.0,75,2023-03-22T22:27,-4788,90972
659,3081771,30,189000,0,100.0,1,2023-03-22T22:27,-9450,179550
660,2700731,31,212000,0,100.0,2,2023-03-22T22:27,-42400,169600
661,3059069,32,109650,129000,0.0,0,2023-03-22T22:27,-21930,87720
662,3073259,33,196200,218000,100.0,1,2023-03-22T22:27,-35316,160884
663,2742670,34,73500,98000,100.0,6,2023-03-22T22:27,0,73500
664,3081770,35,189000,0,100.0,3,2023-03-22T22:27,-9450,179550
665,2778934,36,62300,89000,98.0,42,2023-03-22T22:27,0,62300
666,2970900,37,189000,0,100.0,4,2023-03-22T22:27,0,189000
667,3096975,38,199000,0,0.0,0,2023-03-22T22:27,0,199000
668,3073257,39,196200,218000,100.0,6,2023-03-22T22:27,-35316,160884
669,2070650,40,181300,259000,0.0,0,2023-03-22T22:27,0,181300
670,3124602,41,198000,0,0.0,0,2023-03-22T22:27,-19800,178200
671,2584883,42,187000,0,100.0,2,2023-03-22T22:27,0,187000
672,2297311,43,195300,279000,0.0,0,2023-03-22T22:27,0,195300
673,3122381,44,151200,168000,0.0,0,2023-03-22T22:27,-27216,123984
674,2411317,45,182400,228000,90.0,4,2023-03-22T22:27,0,182400
675,3146734,46,188100,209000,0.0,0,2023-03-22T22:27,-33858,154242
676,2677629,47,195300,279000,60.0,1,2023-03-22T22:27,0,195300
677,3053760,48,178200,198000,0.0,0,2023-03-22T22:27,-8910,169290
678,3065781,49,179000,0,0.0,0,2023-03-22T22:27,-8950,170050
679,3105579,50,189000,0,0.0,0,2023-03-22T22:27,0,189000
680,2649922,51,184000,0,0.0,0,2023-03-22T22:27,0,184000
681,3122373,52,151200,168000,0.0,0,2023-03-22T22:27,-27216,123984
682,3054372,53,178200,198000,0.0,0,2023-03-22T22:27,-8910,169290
683,2492543,54,169000,0,98.0,12,2023-03-22T22:27,-30420,138580
684,3100893,55,169000,0,0.0,0,2023-03-22T22:27,0,169000
685,3135497,56,150100,158000,0.0,0,2023-03-22T22:27,-30020,120080
686,2620217,57,159600,228000,97.0,7,2023-03-22T22:27,0,159600
687,2790944,58,178000,0,0.0,0,2023-03-22T22:27,0,178000
688,2388209,59,94000,0,96.0,149,2023-03-22T22:27,-4700,89300
689,3155272,60,87200,109000,0.0,0,2023-03-22T22:27,0,87200
690,3146212,61,69900,0,0.0,0,2023-03-22T22:27,-3495,66405
691,3071641,62,72000,129000,100.0,1,2023-03-22T22:27,-3600,68400
692,2558167,63,159200,199000,97.0,9,2023-03-22T22:27,0,159200
693,2266016,64,168000,0,0.0,0,2023-03-22T22:27,0,168000
694,3083239,65,159000,0,0.0,0,2023-03-22T22:27,-7950,151050
695,3119222,66,161100,179000,0.0,0,2023-03-22T22:27,-8055,153045
696,2537957,67,153000,219000,100.0,1,2023-03-22T22:27,0,153000
697,3040554,68,131100,138000,60.0,1,2023-03-22T22:27,-26220,104880
698,2612357,69,69000,139000,98.0,12,2023-03-22T22:27,0,69000
699,3122378,70,151200,168000,0.0,0,2023-03-22T22:27,-27216,123984
700,3111357,71,158000,0,0.0,0,2023-03-22T22:27,-7900,150100
701,3071464,72,159000,0,100.0,2,2023-03-22T22:27,0,159000
702,2489892,73,150100,158000,94.0,19,2023-03-22T22:27,0,150100
703,2791655,74,158000,0,0.0,0,2023-03-22T22:27,0,158000
704,2132552,75,145000,0,96.0,6,2023-03-22T22:27,-21750,123250
705,3059068,76,109650,129000,93.0,3,2023-03-22T22:27,-21930,87720
706,3069663,77,152100,169000,0.0,0,2023-03-22T22:27,-27378,124722
707,2537963,78,153000,219000,0.0,0,2023-03-22T22:27,0,153000
708,3119265,79,125100,139000,0.0,0,2023-03-22T22:27,0,125100
709,2131848,80,109000,0,94.0,56,2023-03-22T22:27,-5450,103550
710,2585469,81,145000,0,100.0,3,2023-03-22T22:27,0,145000
711,2595301,82,146200,172000,100.0,2,2023-03-22T22:27,0,146200
712,1827547,83,141000,0,88.0,5,2023-03-22T22:27,0,141000
713,1537416,84,57800,68000,90.0,131,2023-03-22T22:27,-2890,54910
714,2578440,85,139300,199000,0.0,0,2023-03-22T22:27,0,139300
715,3104784,86,125100,139000,0.0,0,2023-03-22T22:27,0,125100
716,3153259,87,128000,0,0.0,0,2023-03-22T22:27,0,128000
717,3147382,88,96000,0,0.0,0,2023-03-22T22:27,0,96000
718,2590043,89,129000,0,90.0,2,2023-03-22T22:27,0,129000
719,2776635,90,98000,0,98.0,29,2023-03-22T22:27,-4900,93100
720,3058718,1,81600,96000,100.0,5,2023-03-22T22:27,-16320,65280
721,2942784,2,189000,0,100.0,2,2023-03-22T22:27,0,189000
722,3037454,3,141550,149000,0.0,0,2023-03-22T22:27,-7078,134472
723,3073242,4,169200,188000,100.0,4,2023-03-22T22:27,-30456,138744
724,2377805,5,178200,198000,92.0,17,2023-03-22T22:27,-26730,151470
725,2806614,6,119000,0,98.0,85,2023-03-22T22:27,0,119000
726,2551401,7,32190,37900,93.0,253,2023-03-22T22:27,0,32190
727,2756335,8,125400,132000,96.0,43,2023-03-22T22:27,-6270,119130
728,3058716,9,81600,96000,100.0,3,2023-03-22T22:27,-16320,65280
729,2970496,10,420000,0,0.0,0,2023-03-22T22:27,0,420000
730,2796166,11,38400,64000,96.0,214,2023-03-22T22:27,-1920,36480
731,2836351,12,49680,72000,96.0,405,2023-03-22T22:27,0,49680
732,1931894,13,37900,0,95.0,478,2023-03-22T22:27,0,37900
733,2725422,14,36900,0,98.0,61,2023-03-22T22:27,0,36900
734,2864414,15,69300,99000,93.0,63,2023-03-22T22:27,-3465,65835
735,3147252,16,358000,0,0.0,0,2023-03-22T22:27,-64440,293560
736,2378593,17,88200,98000,94.0,69,2023-03-22T22:27,-4410,83790
737,3070530,18,168000,0,0.0,0,2023-03-22T22:27,0,168000
738,3058824,19,339000,0,0.0,0,2023-03-22T22:27,0,339000
739,2830808,20,139000,0,96.0,13,2023-03-22T22:27,-6950,132050
740,3126112,21,63200,79000,100.0,6,2023-03-22T22:27,0,63200
741,3051192,22,109000,0,98.0,12,2023-03-22T22:27,-5450,103550
742,3159166,23,145800,162000,0.0,0,2023-03-22T22:27,0,145800
743,3089728,24,99750,105000,100.0,6,2023-03-22T22:27,-4988,94762
744,2792603,25,37290,43900,100.0,29,2023-03-22T22:27,0,37290
745,3040758,26,88800,111000,96.0,6,2023-03-22T22:27,-4440,84360
746,2551407,27,37900,0,97.0,143,2023-03-22T22:27,0,37900
747,1520477,28,132100,139000,100.0,13,2023-03-22T22:27,0,132100
748,1645762,29,39390,43900,95.0,320,2023-03-22T22:27,0,39390
749,3104821,30,94050,99000,100.0,2,2023-03-22T22:27,0,94050
750,1645760,31,39390,43900,96.0,325,2023-03-22T22:27,0,39390
751,2448900,32,39490,43900,95.0,78,2023-03-22T22:27,0,39490
752,2798517,33,128000,0,100.0,1,2023-03-22T22:27,0,128000
753,2448899,34,39490,43900,95.0,114,2023-03-22T22:27,0,39490
754,2739414,35,118000,0,100.0,4,2023-03-22T22:27,0,118000
755,3031104,36,55200,69000,98.0,33,2023-03-22T22:27,0,55200
756,3120565,37,232200,258000,0.0,0,2023-03-22T22:27,-41796,190404
757,3104487,38,88200,98000,80.0,2,2023-03-22T22:27,-4410,83790
758,2117256,39,37900,0,96.0,231,2023-03-22T22:27,0,37900
759,3124484,40,119000,0,0.0,0,2023-03-22T22:27,0,119000
760,3026953,41,86700,102000,100.0,2,2023-03-22T22:27,-4335,82365
761,3116503,42,115200,128000,0.0,0,2023-03-22T22:27,-5760,109440
762,2416846,43,54000,67900,91.0,77,2023-03-22T22:27,-2700,51300
763,3012387,44,215400,359000,0.0,0,2023-03-22T22:27,-38772,176628
764,2760122,45,216000,0,100.0,3,2023-03-22T22:27,-38880,177120
765,3115913,46,106200,118000,0.0,0,2023-03-22T22:27,0,106200
766,2792604,47,43900,0,97.0,43,2023-03-22T22:27,0,43900
767,2798672,48,208600,298000,0.0,0,2023-03-22T22:27,-27118,181482
768,3047742,49,71100,79000,100.0,1,2023-03-22T22:27,-3555,67545
769,3130175,50,198000,0,0.0,0,2023-03-22T22:27,-39600,158400
770,2876546,51,107100,119000,93.0,6,2023-03-22T22:27,-5355,101745
771,3051039,52,95200,119000,100.0,13,2023-03-22T22:27,0,95200
772,3124643,53,198000,0,0.0,0,2023-03-22T22:27,-19800,178200
773,2300718,54,39390,43900,95.0,221,2023-03-22T22:27,0,39390
774,2925522,55,55250,65000,96.0,76,2023-03-22T22:27,0,55250
775,2691889,56,198000,0,98.0,10,2023-03-22T22:27,-35640,162360
776,3133860,57,88000,98000,0.0,0,2023-03-22T22:27,-4400,83600
777,2377814,58,178200,198000,96.0,68,2023-03-22T22:27,-26730,151470
778,3011624,59,190000,318000,0.0,0,2023-03-22T22:27,-34200,155800
779,2664573,60,178000,0,80.0,2,2023-03-22T22:27,-32040,145960
780,3159165,61,145800,162000,0.0,0,2023-03-22T22:27,0,145800
781,3133082,62,171000,0,70.0,2,2023-03-22T22:27,-17100,153900
782,2836289,63,33630,59000,95.0,190,2023-03-22T22:27,0,33630
783,2860556,64,181300,259000,0.0,0,2023-03-22T22:27,-32634,148666
784,2452289,65,181300,259000,0.0,0,2023-03-22T22:27,-32634,148666
785,1961501,66,89000,0,95.0,74,2023-03-22T22:27,-4450,84550
786,2448902,67,37290,43900,94.0,88,2023-03-22T22:27,0,37290
787,3122276,68,169200,188000,0.0,0,2023-03-22T22:27,-30456,138744
788,3073247,69,169200,188000,100.0,2,2023-03-22T22:27,-30456,138744
789,3058721,70,81600,96000,80.0,1,2023-03-22T22:27,-16320,65280
790,3069519,71,170100,189000,80.0,1,2023-03-22T22:27,-30618,139482
791,3122274,72,169200,188000,0.0,0,2023-03-22T22:27,-30456,138744
792,3073251,73,169200,188000,0.0,0,2023-03-22T22:27,-30456,138744
793,2706668,74,169000,0,90.0,10,2023-03-22T22:27,0,169000
794,2830788,75,139000,0,95.0,24,2023-03-22T22:27,-6950,132050
795,3090420,76,139000,0,0.0,0,2023-03-22T22:27,-6950,132050
796,2446096,77,168000,0,0.0,0,2023-03-22T22:27,-30240,137760
797,3039835,78,158000,0,100.0,2,2023-03-22T22:27,0,158000
798,3105568,79,159000,0,0.0,0,2023-03-22T22:27,0,159000
799,3101970,80,158000,0,0.0,0,2023-03-22T22:27,0,158000
800,2706223,81,149000,0,92.0,10,2023-03-22T22:27,-7450,141550
801,2672858,82,158000,0,0.0,0,2023-03-22T22:27,0,158000
802,3062185,83,128700,143000,100.0,2,2023-03-22T22:27,0,128700
803,3125453,84,55200,89900,0.0,0,2023-03-22T22:27,0,55200
804,3069542,85,152100,169000,0.0,0,2023-03-22T22:27,-27378,124722
805,3123863,86,160200,178000,0.0,0,2023-03-22T22:27,-28836,131364
806,2738716,87,142800,168000,93.0,24,2023-03-22T22:27,-7140,135660
807,2352881,88,55900,79900,98.0,298,2023-03-22T22:27,0,55900
808,1400814,89,158000,0,0.0,0,2023-03-22T22:27,0,158000
809,2551402,90,32190,37900,96.0,90,2023-03-22T22:27,0,32190
810,991339,1,19900,0,97.0,51955,2023-03-22T22:27,0,19900
811,1986031,2,24990,27900,97.0,10185,2023-03-22T22:27,0,24990
812,998051,3,15200,24000,97.0,160210,2023-03-22T22:27,0,15200
813,1094748,4,19900,0,97.0,18851,2023-03-22T22:27,0,19900
814,991340,5,17890,19900,97.0,30467,2023-03-22T22:27,0,17890
815,1477845,6,15400,22000,96.0,9357,2023-03-22T22:27,0,15400
816,1986029,7,27900,0,98.0,3830,2023-03-22T22:27,0,27900
817,1443937,8,12900,24000,97.0,7507,2023-03-22T22:27,0,12900
818,763821,9,16200,22000,96.0,31158,2023-03-22T22:27,0,16200
819,1342874,10,15900,33000,97.0,12447,2023-03-22T22:27,0,15900
820,1996705,11,23690,27900,98.0,2618,2023-03-22T22:27,0,23690
821,1986030,12,23690,27900,97.0,1621,2023-03-22T22:27,0,23690
822,1996702,13,23690,27900,97.0,1866,2023-03-22T22:27,0,23690
823,991341,14,16890,19900,96.0,10089,2023-03-22T22:27,0,16890
824,792919,15,15190,16900,96.0,17842,2023-03-22T22:27,0,15190
825,1094835,16,14290,15900,97.0,6100,2023-03-22T22:27,0,14290
826,1821485,17,30000,0,96.0,1225,2023-03-22T22:27,0,30000
827,2297277,18,19900,22000,95.0,236,2023-03-22T22:27,0,19900
828,1094749,19,19900,0,96.0,4900,2023-03-22T22:27,0,19900
829,991570,20,13300,20000,97.0,18894,2023-03-22T22:27,0,13300
830,734085,21,9900,19800,96.0,64147,2023-03-22T22:27,0,9900
831,746159,22,20590,22900,95.0,28651,2023-03-22T22:27,0,20590
832,2959926,23,14850,16500,98.0,92,2023-03-22T22:27,0,14850
833,2832613,24,11200,33000,97.0,526,2023-03-22T22:27,0,11200
834,1729576,25,9500,13900,97.0,15710,2023-03-22T22:27,0,9500
835,479245,26,15400,22000,93.0,5340,2023-03-22T22:27,0,15400
836,746158,27,22900,0,96.0,20434,2023-03-22T22:27,0,22900
837,2845854,28,14900,18900,97.0,157,2023-03-22T22:27,0,14900
838,1346009,29,9500,12000,97.0,6614,2023-03-22T22:27,0,9500
839,1821487,30,30000,0,97.0,661,2023-03-22T22:27,0,30000
840,752821,31,9900,0,94.0,23637,2023-03-22T22:27,0,9900
841,2011852,32,21490,23900,97.0,1286,2023-03-22T22:27,0,21490
842,1094834,33,21490,23900,96.0,2423,2023-03-22T22:27,0,21490
843,792920,34,15190,16900,96.0,9638,2023-03-22T22:27,0,15190
844,2959925,35,22000,27500,99.0,60,2023-03-22T22:27,0,22000
845,2821598,36,19390,22900,97.0,128,2023-03-22T22:27,0,19390
846,1094750,37,16890,19900,97.0,3510,2023-03-22T22:27,0,16890
847,1996704,38,22290,27900,97.0,684,2023-03-22T22:27,0,22290
848,1092994,39,22900,0,96.0,2628,2023-03-22T22:27,0,22900
849,1573974,40,39790,46900,98.0,1444,2023-03-22T22:27,0,39790
850,3113487,41,32000,0,0.0,0,2023-03-22T22:27,0,32000
851,1260384,42,19900,0,95.0,1786,2023-03-22T22:27,0,19900
852,1360044,43,19900,0,97.0,1749,2023-03-22T22:27,0,19900
853,1974077,44,42090,46900,97.0,879,2023-03-22T22:27,0,42090
854,3009680,45,12590,14900,97.0,79,2023-03-22T22:27,0,12590
855,2960555,46,14900,19000,92.0,74,2023-03-22T22:27,0,14900
856,2347097,47,15100,24000,98.0,1486,2023-03-22T22:27,0,15100
857,2929635,48,15900,27000,97.0,460,2023-03-22T22:27,0,15900
858,2477852,49,17890,19900,98.0,656,2023-03-22T22:27,0,17890
859,2377936,50,25000,0,97.0,272,2023-03-22T22:27,-3750,21250
860,2795763,51,35000,0,97.0,66,2023-03-22T22:27,0,35000
861,2618262,52,39200,49000,100.0,21,2023-03-22T22:27,-1960,37240
862,3040542,53,20900,22000,100.0,8,2023-03-22T22:27,-4180,16720
863,991337,54,14900,21900,95.0,3980,2023-03-22T22:27,0,14900
864,1296443,55,17100,23800,97.0,913,2023-03-22T22:27,0,17100
865,2971853,56,17100,19000,94.0,37,2023-03-22T22:27,0,17100
866,3146033,57,48000,0,0.0,0,2023-03-22T22:27,-8640,39360
867,2649999,58,12800,16000,92.0,57,2023-03-22T22:27,0,12800
868,2467197,59,30000,0,95.0,124,2023-03-22T22:27,0,30000
869,1346070,60,9500,12000,97.0,1839,2023-03-22T22:27,0,9500
870,1647682,61,15100,23600,97.0,930,2023-03-22T22:27,0,15100
871,1222903,62,22400,32000,97.0,510,2023-03-22T22:27,0,22400
872,1094837,63,13490,15900,96.0,1737,2023-03-22T22:27,0,13490
873,1821480,64,30000,0,98.0,225,2023-03-22T22:27,0,30000
874,472686,65,9400,14800,94.0,692,2023-03-22T22:27,0,9400
875,2346958,66,18100,24000,98.0,496,2023-03-22T22:27,0,18100
876,1475031,67,17000,27000,96.0,1695,2023-03-22T22:27,0,17000
877,2738094,68,19900,0,96.0,163,2023-03-22T22:27,0,19900
878,1547562,69,15400,22000,95.0,1345,2023-03-22T22:27,0,15400
879,2122868,70,9500,13900,97.0,3749,2023-03-22T22:27,0,9500
880,1260391,71,21490,23900,94.0,329,2023-03-22T22:27,0,21490
881,1360043,72,17890,19900,97.0,773,2023-03-22T22:27,0,17890
882,2798430,73,29000,0,96.0,36,2023-03-22T22:27,0,29000
883,1092995,74,20590,22900,96.0,1580,2023-03-22T22:27,0,20590
884,2738095,75,19900,0,96.0,99,2023-03-22T22:27,0,19900
885,1260388,76,20900,0,96.0,651,2023-03-22T22:27,0,20900
886,1517383,77,25000,0,93.0,124,2023-03-22T22:27,0,25000
887,2610915,78,17000,0,94.0,88,2023-03-22T22:27,-3060,13940
888,1392772,79,16890,19900,96.0,1129,2023-03-22T22:27,0,16890
889,2509300,80,19900,0,96.0,382,2023-03-22T22:27,0,19900
890,2657366,81,9500,12000,96.0,275,2023-03-22T22:27,0,9500
891,1477846,82,15400,22000,96.0,2630,2023-03-22T22:27,0,15400
892,3060376,83,26100,29000,100.0,5,2023-03-22T22:27,0,26100
893,3065854,84,22500,25000,100.0,7,2023-03-22T22:27,0,22500
894,1821475,85,30000,0,98.0,30,2023-03-22T22:27,0,30000
895,1121544,86,15190,16900,96.0,854,2023-03-22T22:27,0,15190
896,2821588,87,19690,21900,97.0,38,2023-03-22T22:27,0,19690
897,1246150,88,16700,33600,95.0,3497,2023-03-22T22:27,0,16700
898,792921,89,15190,16900,95.0,7802,2023-03-22T22:27,0,15190
899,1392773,90,16890,19900,95.0,1465,2023-03-22T22:27,0,16890
