,item_id,rank,price,del_price,rating,rating_count,time,coupon,real_price
0,2272830,1,35910,39900,97.0,17879,2023-03-23T23:35,-7182,28728
1,2086653,2,16900,0,97.0,38135,2023-03-23T23:35,0,16900
2,2660716,3,50400,72000,95.0,1841,2023-03-23T23:35,0,50400
3,2442409,4,31200,78000,96.0,8581,2023-03-23T23:35,0,31200
4,1848166,5,34300,49000,97.0,40528,2023-03-23T23:35,0,34300
5,3071087,6,84550,89000,95.0,257,2023-03-23T23:35,-16910,67640
6,345889,7,29900,47900,95.0,9422,2023-03-23T23:35,0,29900
7,2313388,8,85000,0,96.0,2021,2023-03-23T23:35,0,85000
8,2453556,9,39900,42000,97.0,6093,2023-03-23T23:35,-7980,31920
9,2149254,10,37800,0,97.0,31862,2023-03-23T23:35,-5670,32130
10,1503352,11,39900,42000,97.0,8264,2023-03-23T23:35,-7980,31920
11,2396645,12,39900,59000,96.0,22790,2023-03-23T23:35,0,39900
12,2326935,13,55300,79000,96.0,12708,2023-03-23T23:35,-5530,49770
13,3034895,14,107100,119000,98.0,290,2023-03-23T23:35,0,107100
14,1782641,15,39900,42000,97.0,2564,2023-03-23T23:35,-7980,31920
15,1620270,16,189000,0,94.0,51,2023-03-23T23:35,0,189000
16,2122566,17,33800,0,97.0,14943,2023-03-23T23:35,-6760,27040
17,2453552,18,39900,42000,97.0,2842,2023-03-23T23:35,-7980,31920
18,1841764,19,31200,39000,96.0,12922,2023-03-23T23:35,-3120,28080
19,2368712,20,38700,43000,96.0,5450,2023-03-23T23:35,0,38700
20,1848855,21,169000,0,97.0,83,2023-03-23T23:35,0,169000
21,2204747,22,71250,75000,97.0,2058,2023-03-23T23:35,-14250,57000
22,1817394,23,59900,150000,93.0,6957,2023-03-23T23:35,0,59900
23,2038497,24,36000,45000,95.0,16048,2023-03-23T23:35,-7200,28800
24,2314616,25,39000,43000,97.0,7898,2023-03-23T23:35,0,39000
25,2730861,26,39900,57000,94.0,164,2023-03-23T23:35,0,39900
26,1939099,27,29400,49000,97.0,11513,2023-03-23T23:35,0,29400
27,1549281,28,71250,75000,97.0,5689,2023-03-23T23:35,-14250,57000
28,1582356,29,49200,82000,96.0,15860,2023-03-23T23:35,0,49200
29,2646350,30,45900,94000,95.0,3842,2023-03-23T23:35,0,45900
30,1782647,31,39900,42000,97.0,3430,2023-03-23T23:35,-7980,31920
31,2375962,32,59000,62000,98.0,4952,2023-03-23T23:35,0,59000
32,1848797,33,169000,0,98.0,53,2023-03-23T23:35,0,169000
33,2226767,34,68400,76000,97.0,7087,2023-03-23T23:35,-6840,61560
34,1706633,35,199000,0,97.0,2352,2023-03-23T23:35,0,199000
35,996177,36,15900,0,95.0,77009,2023-03-23T23:35,0,15900
36,1828538,37,39900,69900,95.0,2838,2023-03-23T23:35,0,39900
37,2160438,38,44000,62000,95.0,229,2023-03-23T23:35,-6600,37400
38,3071089,39,84550,89000,98.0,79,2023-03-23T23:35,-16910,67640
39,3072191,40,199000,0,92.0,28,2023-03-23T23:35,0,199000
40,1943792,41,34400,43000,96.0,5140,2023-03-23T23:35,0,34400
41,1382658,42,16900,0,94.0,47000,2023-03-23T23:35,0,16900
42,3129246,43,72000,0,100.0,1,2023-03-23T23:35,0,72000
43,3160073,44,69000,98000,100.0,2,2023-03-23T23:35,-13800,55200
44,2354252,45,71250,75000,97.0,1725,2023-03-23T23:35,-14250,57000
45,1201421,46,199000,0,93.0,84,2023-03-23T23:35,0,199000
46,3071084,47,51300,54000,95.0,78,2023-03-23T23:35,-10260,41040
47,3080626,48,62100,69000,100.0,1,2023-03-23T23:35,-6210,55890
48,1417691,49,13900,0,97.0,18122,2023-03-23T23:35,0,13900
49,1574201,50,79000,0,97.0,4521,2023-03-23T23:35,0,79000
50,1437470,51,169000,0,98.0,58,2023-03-23T23:35,0,169000
51,2034137,52,31800,0,97.0,16490,2023-03-23T23:35,-4770,27030
52,2409894,53,31200,78000,97.0,5056,2023-03-23T23:35,0,31200
53,1763157,54,49400,52000,95.0,2572,2023-03-23T23:35,0,49400
54,2377269,55,45000,0,97.0,3702,2023-03-23T23:35,0,45000
55,3043304,56,189000,0,96.0,33,2023-03-23T23:35,0,189000
56,3150516,57,79800,126000,97.0,7,2023-03-23T23:35,-15960,63840
57,3061224,58,59000,0,96.0,62,2023-03-23T23:35,0,59000
58,2374814,59,62400,104000,98.0,1122,2023-03-23T23:35,-3120,59280
59,407067,60,29250,39000,95.0,21313,2023-03-23T23:35,-2925,26325
60,1336398,61,40200,67000,96.0,18928,2023-03-23T23:35,0,40200
61,2403601,62,32500,50000,96.0,2113,2023-03-23T23:35,0,32500
62,2996536,63,39900,59000,96.0,341,2023-03-23T23:35,0,39900
63,2877493,64,59800,92000,95.0,1268,2023-03-23T23:35,0,59800
64,2186292,65,16900,20000,96.0,13751,2023-03-23T23:35,0,16900
65,1211169,66,32430,69000,95.0,5641,2023-03-23T23:35,0,32430
66,1201419,67,199000,0,92.0,210,2023-03-23T23:35,0,199000
67,1793989,68,199000,0,97.0,897,2023-03-23T23:35,0,199000
68,2065708,69,59000,62000,98.0,6365,2023-03-23T23:35,0,59000
69,2305840,70,59700,0,97.0,3789,2023-03-23T23:35,0,59700
70,2562821,71,72800,91000,97.0,72,2023-03-23T23:35,0,72800
71,2065712,72,59000,62000,98.0,6517,2023-03-23T23:35,0,59000
72,2740193,73,71250,75000,96.0,753,2023-03-23T23:35,-14250,57000
73,854337,74,33900,0,95.0,17025,2023-03-23T23:35,-3390,30510
74,2354305,75,71250,75000,96.0,1597,2023-03-23T23:35,-14250,57000
75,2099882,76,54900,79000,96.0,9509,2023-03-23T23:35,0,54900
76,2099802,77,62300,89000,97.0,3838,2023-03-23T23:35,-6230,56070
77,2684358,78,109000,0,97.0,3135,2023-03-23T23:35,0,109000
78,1139175,79,61600,89900,97.0,24958,2023-03-23T23:35,-6160,55440
79,2339102,80,98100,109000,97.0,1622,2023-03-23T23:35,0,98100
80,994588,81,39900,53000,93.0,5905,2023-03-23T23:35,-3990,35910
81,2392759,82,39680,49600,95.0,3834,2023-03-23T23:35,-3968,35712
82,1884943,83,29900,39000,96.0,18757,2023-03-23T23:35,0,29900
83,2758252,84,31050,69000,96.0,591,2023-03-23T23:35,0,31050
84,3032250,85,44800,64000,96.0,619,2023-03-23T23:35,0,44800
85,2744370,86,55300,79000,96.0,1047,2023-03-23T23:35,-5530,49770
86,1498105,87,189000,0,97.0,1942,2023-03-23T23:35,0,189000
87,1608272,88,39800,65590,96.0,3993,2023-03-23T23:35,0,39800
88,1944612,89,35800,59700,97.0,2736,2023-03-23T23:35,-1790,34010
89,983339,90,33900,0,95.0,10045,2023-03-23T23:35,-3390,30510
90,1778404,1,42000,45000,96.0,66116,2023-03-23T23:35,0,42000
91,1558197,2,81900,0,97.0,31837,2023-03-23T23:35,-8190,73710
92,1576700,3,89000,129000,97.0,16208,2023-03-23T23:35,0,89000
93,1856181,4,35910,39900,97.0,6712,2023-03-23T23:35,-7182,28728
94,1576682,5,245000,339000,97.0,8441,2023-03-23T23:35,-49000,196000
95,2343198,6,119000,129000,97.0,4795,2023-03-23T23:35,0,119000
96,2723218,7,69900,109000,97.0,1814,2023-03-23T23:35,-6990,62910
97,2064545,8,74900,94000,97.0,10740,2023-03-23T23:35,-14980,59920
98,1790383,9,59000,86000,95.0,5016,2023-03-23T23:35,-5900,53100
99,2752332,10,94700,105300,95.0,2333,2023-03-23T23:35,0,94700
100,1530516,11,69900,79000,96.0,2098,2023-03-23T23:35,0,69900
101,1283757,12,75390,83900,96.0,26373,2023-03-23T23:35,-7539,67851
102,841230,13,154000,172000,96.0,7165,2023-03-23T23:35,0,154000
103,1195307,14,87550,103000,96.0,12435,2023-03-23T23:35,-8755,78795
104,1571879,15,79900,112900,96.0,6931,2023-03-23T23:35,-7990,71910
105,1618312,16,75390,83900,97.0,6906,2023-03-23T23:35,0,75390
106,2496650,17,43900,109000,96.0,604,2023-03-23T23:35,0,43900
107,2715055,18,159000,189000,97.0,1899,2023-03-23T23:35,0,159000
108,1337094,19,69900,0,95.0,5180,2023-03-23T23:35,-6990,62910
109,2086731,20,95000,129000,97.0,2112,2023-03-23T23:35,-19000,76000
110,2322836,21,139200,174000,97.0,938,2023-03-23T23:35,-13920,125280
111,2471405,22,99000,138000,97.0,1910,2023-03-23T23:35,0,99000
112,2788216,23,146000,159000,98.0,75,2023-03-23T23:35,-7300,138700
113,2288704,24,121000,132000,97.0,3087,2023-03-23T23:35,0,121000
114,1778408,25,42000,45000,95.0,11456,2023-03-23T23:35,0,42000
115,1530517,26,69900,79000,96.0,1900,2023-03-23T23:35,0,69900
116,2788219,27,146000,159000,96.0,231,2023-03-23T23:35,-7300,138700
117,1833230,28,108800,136000,97.0,5312,2023-03-23T23:35,0,108800
118,3036129,29,79800,94000,95.0,1471,2023-03-23T23:35,-15960,63840
119,1139192,30,71100,94900,97.0,14235,2023-03-23T23:35,-7110,63990
120,2110493,31,389000,0,96.0,598,2023-03-23T23:35,0,389000
121,1571878,32,79900,112900,96.0,4527,2023-03-23T23:35,-7990,71910
122,3058495,33,198000,220000,99.0,48,2023-03-23T23:35,0,198000
123,621582,34,225000,339000,96.0,4321,2023-03-23T23:35,-45000,180000
124,1737051,35,62300,89000,96.0,4994,2023-03-23T23:35,0,62300
125,2284220,36,79900,112900,96.0,1584,2023-03-23T23:35,0,79900
126,3012082,37,59900,79000,97.0,732,2023-03-23T23:35,-5990,53910
127,1108007,38,71790,79900,95.0,47734,2023-03-23T23:35,-7179,64611
128,2718413,39,126650,149000,97.0,1305,2023-03-23T23:35,0,126650
129,2683549,40,126650,149000,97.0,2472,2023-03-23T23:35,0,126650
130,3034346,41,164000,0,98.0,299,2023-03-23T23:35,0,164000
131,2701889,42,58200,97000,95.0,4022,2023-03-23T23:35,0,58200
132,3029811,43,63200,79000,98.0,166,2023-03-23T23:35,-6320,56880
133,2732486,44,109000,179000,98.0,513,2023-03-23T23:35,0,109000
134,2293391,45,98000,124000,95.0,1710,2023-03-23T23:35,-19600,78400
135,3030665,46,139200,174000,97.0,135,2023-03-23T23:35,-13920,125280
136,3079071,47,64900,87000,98.0,26,2023-03-23T23:35,-12980,51920
137,1620288,48,299000,0,97.0,211,2023-03-23T23:35,0,299000
138,3075068,49,151200,168000,100.0,1,2023-03-23T23:35,0,151200
139,3042936,50,90900,105000,97.0,259,2023-03-23T23:35,0,90900
140,2064478,51,79900,138000,95.0,21100,2023-03-23T23:35,-15980,63920
141,1633664,52,76300,109000,97.0,4023,2023-03-23T23:35,0,76300
142,1751722,53,53910,59900,97.0,3231,2023-03-23T23:35,-10782,43128
143,2329532,54,119200,149000,97.0,3857,2023-03-23T23:35,0,119200
144,3098417,55,149000,199000,96.0,413,2023-03-23T23:35,0,149000
145,2102252,56,69900,129000,94.0,6171,2023-03-23T23:35,-13980,55920
146,2357957,57,126650,149000,97.0,2074,2023-03-23T23:35,0,126650
147,2697873,58,107000,0,97.0,767,2023-03-23T23:35,0,107000
148,1758197,59,79800,94000,97.0,14648,2023-03-23T23:35,-15960,63840
149,1683384,60,599000,0,100.0,15,2023-03-23T23:35,0,599000
150,2343199,61,119000,129000,98.0,1690,2023-03-23T23:35,0,119000
151,1291017,62,67900,96000,95.0,12799,2023-03-23T23:35,0,67900
152,3041960,63,137000,162000,96.0,190,2023-03-23T23:35,-27400,109600
153,1776552,64,65000,69000,94.0,6004,2023-03-23T23:35,-6500,58500
154,2286964,65,66300,110500,97.0,4737,2023-03-23T23:35,-9945,56355
155,2184463,66,389000,0,98.0,357,2023-03-23T23:35,0,389000
156,1776365,67,71200,89000,96.0,4531,2023-03-23T23:35,-7120,64080
157,1620285,68,299000,0,97.0,148,2023-03-23T23:35,0,299000
158,2712632,69,107000,0,97.0,1239,2023-03-23T23:35,0,107000
159,2122596,70,39800,57000,96.0,2523,2023-03-23T23:35,0,39800
160,2375909,71,76290,89900,97.0,1448,2023-03-23T23:35,0,76290
161,3129646,72,71910,79900,96.0,11,2023-03-23T23:35,-14382,57528
162,3037473,73,69900,85900,97.0,82,2023-03-23T23:35,-6990,62910
163,3071114,74,131100,138000,89.0,52,2023-03-23T23:35,-26220,104880
164,1567183,75,75900,94900,97.0,7334,2023-03-23T23:35,-7590,68310
165,2740342,76,148000,0,88.0,225,2023-03-23T23:35,-29600,118400
166,1593755,77,89360,111700,97.0,14319,2023-03-23T23:35,-8936,80424
167,401149,78,38500,55000,93.0,24748,2023-03-23T23:35,0,38500
168,1280576,79,37200,62000,96.0,24965,2023-03-23T23:35,0,37200
169,2172006,80,121000,132000,96.0,2690,2023-03-23T23:35,0,121000
170,3092695,81,179000,0,100.0,14,2023-03-23T23:35,0,179000
171,3033224,82,59900,74000,97.0,432,2023-03-23T23:35,-5990,53910
172,3085979,83,101150,119000,99.0,20,2023-03-23T23:35,-5058,96092
173,1744433,84,350000,410000,96.0,1068,2023-03-23T23:35,-70000,280000
174,2668986,85,35910,39900,96.0,3242,2023-03-23T23:35,-7182,28728
175,2297046,86,149000,199000,97.0,1624,2023-03-23T23:35,-7450,141550
176,1337096,87,69900,0,96.0,2801,2023-03-23T23:35,-6990,62910
177,2288426,88,79000,109000,94.0,756,2023-03-23T23:35,-7900,71100
178,1558683,89,81900,0,97.0,6102,2023-03-23T23:35,-8190,73710
179,2159724,90,29900,32000,95.0,2090,2023-03-23T23:35,0,29900
180,1149329,1,39900,0,96.0,85032,2023-03-23T23:35,-3990,35910
181,2678417,2,19900,69000,97.0,205,2023-03-23T23:35,0,19900
182,1551840,3,39000,0,97.0,82339,2023-03-23T23:35,-3900,35100
183,2112059,4,33900,52000,97.0,41781,2023-03-23T23:35,0,33900
184,750908,5,31900,54000,96.0,83166,2023-03-23T23:35,0,31900
185,1149328,6,39900,0,96.0,94048,2023-03-23T23:35,-3990,35910
186,1168906,7,41900,0,97.0,70199,2023-03-23T23:35,-4190,37710
187,2092852,8,42000,52800,96.0,10606,2023-03-23T23:35,-4200,37800
188,2112061,9,36400,52000,97.0,14092,2023-03-23T23:35,-3640,32760
189,858911,10,39000,49000,95.0,66399,2023-03-23T23:35,-3900,35100
190,2060719,11,47800,69000,96.0,4710,2023-03-23T23:35,-4780,43020
191,2028327,12,49900,0,96.0,8649,2023-03-23T23:35,-4990,44910
192,2678399,13,26900,69000,96.0,376,2023-03-23T23:35,0,26900
193,1568057,14,43400,62000,96.0,21743,2023-03-23T23:35,0,43400
194,2678415,15,19900,69000,97.0,245,2023-03-23T23:35,0,19900
195,1370101,16,37500,89000,96.0,22271,2023-03-23T23:35,0,37500
196,1552753,17,63960,78000,97.0,27862,2023-03-23T23:35,-6396,57564
197,2028326,18,49900,0,97.0,5860,2023-03-23T23:35,-4990,44910
198,1551839,19,39000,0,97.0,22855,2023-03-23T23:35,-3900,35100
199,1222184,20,41900,0,97.0,47967,2023-03-23T23:35,-4190,37710
200,2060717,21,55200,69000,95.0,3523,2023-03-23T23:35,-5520,49680
201,2060720,22,55200,69000,95.0,2385,2023-03-23T23:35,-5520,49680
202,1555407,23,63960,78000,97.0,11311,2023-03-23T23:35,-6396,57564
203,1595607,24,57900,89000,97.0,5548,2023-03-23T23:35,-5790,52110
204,3011537,25,44910,49900,97.0,116,2023-03-23T23:35,-8982,35928
205,3034429,26,75650,89000,98.0,53,2023-03-23T23:35,-3783,71867
206,1736085,27,39900,59800,96.0,35940,2023-03-23T23:35,0,39900
207,3053020,28,215000,0,96.0,81,2023-03-23T23:35,0,215000
208,2107115,29,121500,135000,98.0,11553,2023-03-23T23:35,-6075,115425
209,2032901,30,39900,0,97.0,6590,2023-03-23T23:35,-3990,35910
210,2569078,31,63200,79000,96.0,2322,2023-03-23T23:35,0,63200
211,2060759,32,59800,74800,97.0,6979,2023-03-23T23:35,-8970,50830
212,1212776,33,28690,31900,96.0,22942,2023-03-23T23:35,0,28690
213,2060743,34,33000,55000,95.0,3354,2023-03-23T23:35,-3300,29700
214,2789091,35,84150,99000,96.0,573,2023-03-23T23:35,0,84150
215,1568032,36,43400,62000,96.0,5904,2023-03-23T23:35,0,43400
216,1168922,37,43900,0,96.0,17962,2023-03-23T23:35,-4390,39510
217,1100326,38,57900,89000,95.0,36904,2023-03-23T23:35,-5790,52110
218,2184087,39,44500,89000,96.0,3865,2023-03-23T23:35,-4450,40050
219,2358429,40,135150,159000,98.0,2514,2023-03-23T23:35,-13515,121635
220,2092849,41,42000,52800,96.0,9558,2023-03-23T23:35,-4200,37800
221,890521,42,39800,63000,94.0,10786,2023-03-23T23:35,0,39800
222,1224095,43,35890,39900,97.0,24158,2023-03-23T23:35,-3589,32301
223,890338,44,39000,49000,95.0,47342,2023-03-23T23:35,-3900,35100
224,2261213,45,121500,135000,98.0,4006,2023-03-23T23:35,-6075,115425
225,2028329,46,49900,0,95.0,6295,2023-03-23T23:35,-4990,44910
226,1854665,47,139000,0,97.0,1014,2023-03-23T23:35,0,139000
227,2980254,48,44910,49900,97.0,75,2023-03-23T23:35,-8982,35928
228,1924274,49,49900,66000,95.0,22334,2023-03-23T23:35,-4990,44910
229,2569079,50,59250,79000,96.0,1038,2023-03-23T23:35,0,59250
230,2069525,51,41900,0,96.0,3587,2023-03-23T23:35,-4190,37710
231,1403480,52,77000,98000,97.0,7608,2023-03-23T23:35,-11550,65450
232,1627892,53,43900,0,97.0,10211,2023-03-23T23:35,0,43900
233,1666442,54,49900,0,97.0,10739,2023-03-23T23:35,0,49900
234,1477272,55,44200,68000,96.0,17522,2023-03-23T23:35,-2210,41990
235,3034428,56,75650,89000,98.0,38,2023-03-23T23:35,-3783,71867
236,3061200,57,115000,0,98.0,331,2023-03-23T23:35,0,115000
237,2351467,58,39800,54000,96.0,5739,2023-03-23T23:35,-3980,35820
238,2150457,59,119250,159000,97.0,3636,2023-03-23T23:35,-11925,107325
239,3022892,60,39000,49000,96.0,254,2023-03-23T23:35,-3900,35100
240,1985223,61,37500,89000,96.0,1452,2023-03-23T23:35,0,37500
241,2578996,62,39900,59000,95.0,4520,2023-03-23T23:35,-5985,33915
242,2789111,63,84150,99000,97.0,668,2023-03-23T23:35,0,84150
243,1168907,64,39900,0,96.0,9632,2023-03-23T23:35,-3990,35910
244,2706287,65,39800,54000,95.0,3376,2023-03-23T23:35,-3980,35820
245,3062950,66,132050,139000,99.0,21,2023-03-23T23:35,0,132050
246,2049103,67,63960,78000,97.0,6992,2023-03-23T23:35,-6396,57564
247,2744549,68,43400,62000,97.0,4759,2023-03-23T23:35,0,43400
248,3091296,69,129000,0,0.0,0,2023-03-23T23:35,0,129000
249,2562527,70,29400,42000,97.0,3800,2023-03-23T23:35,-4410,24990
250,3039451,71,41300,70100,96.0,385,2023-03-23T23:35,-4130,37170
251,3141395,72,49900,73900,99.0,20,2023-03-23T23:35,-4990,44910
252,2737165,73,59800,79000,96.0,2479,2023-03-23T23:35,-8970,50830
253,2723714,74,52000,58000,96.0,1316,2023-03-23T23:35,0,52000
254,2391746,75,49900,0,95.0,1636,2023-03-23T23:35,-4990,44910
255,1212777,76,28690,31900,96.0,21430,2023-03-23T23:35,0,28690
256,1357812,77,46690,51900,95.0,6097,2023-03-23T23:35,0,46690
257,2411327,78,65000,139000,97.0,3931,2023-03-23T23:35,0,65000
258,2709031,79,36700,52800,96.0,3335,2023-03-23T23:35,-3670,33030
259,978464,80,58500,78000,94.0,58512,2023-03-23T23:35,-5850,52650
260,1246215,81,49000,65000,96.0,6217,2023-03-23T23:35,-4900,44100
261,1985224,82,37500,89000,96.0,1658,2023-03-23T23:35,0,37500
262,3055000,83,118000,0,97.0,153,2023-03-23T23:35,-11800,106200
263,1926048,84,32000,0,97.0,14454,2023-03-23T23:35,-3200,28800
264,2392464,85,33900,0,95.0,3575,2023-03-23T23:35,0,33900
265,1885631,86,39000,49000,96.0,23602,2023-03-23T23:35,-3900,35100
266,2131950,87,39000,49000,97.0,3534,2023-03-23T23:35,-3900,35100
267,1312035,88,39900,0,96.0,14324,2023-03-23T23:35,0,39900
268,1216295,89,39900,0,96.0,13896,2023-03-23T23:35,-3990,35910
269,2833222,90,124200,138000,98.0,432,2023-03-23T23:35,-6210,117990
270,2235274,1,145000,0,97.0,604,2023-03-23T23:35,0,145000
271,1789507,2,79000,0,98.0,25446,2023-03-23T23:35,0,79000
272,1969507,3,88000,0,98.0,5196,2023-03-23T23:35,0,88000
273,1034480,4,135000,150000,97.0,17827,2023-03-23T23:35,0,135000
274,2911052,5,239000,400000,100.0,8,2023-03-23T23:35,-30000,209000
275,2344538,6,119000,0,98.0,6180,2023-03-23T23:35,0,119000
276,1264107,7,65000,90000,97.0,6151,2023-03-23T23:35,0,65000
277,2344540,8,96000,0,98.0,8956,2023-03-23T23:35,0,96000
278,1842449,9,84000,99000,97.0,5247,2023-03-23T23:35,0,84000
279,2343665,10,89000,0,97.0,4406,2023-03-23T23:35,0,89000
280,3061872,11,80100,89000,92.0,5,2023-03-23T23:35,0,80100
281,2558648,12,119000,0,98.0,1189,2023-03-23T23:35,0,119000
282,2271789,13,71100,79000,97.0,2413,2023-03-23T23:35,0,71100
283,2577899,14,138000,0,97.0,266,2023-03-23T23:35,0,138000
284,2066837,15,79000,119000,97.0,6295,2023-03-23T23:35,-7900,71100
285,2998775,16,142200,158000,96.0,396,2023-03-23T23:35,-28440,113760
286,2343664,17,89000,0,97.0,1309,2023-03-23T23:35,0,89000
287,2422175,18,137700,162000,98.0,180,2023-03-23T23:35,0,137700
288,2954961,19,95000,0,97.0,332,2023-03-23T23:35,0,95000
289,2911055,20,832000,1340000,100.0,14,2023-03-23T23:35,-30000,802000
290,3034751,21,64800,72000,97.0,274,2023-03-23T23:35,0,64800
291,1744101,22,103500,109000,98.0,2773,2023-03-23T23:35,0,103500
292,3034749,23,64800,72000,97.0,306,2023-03-23T23:35,0,64800
293,1263004,24,159000,0,97.0,5218,2023-03-23T23:35,0,159000
294,1581689,25,75600,89000,97.0,3870,2023-03-23T23:35,0,75600
295,2911059,26,440000,650000,98.0,41,2023-03-23T23:35,-30000,410000
296,2875352,27,1056000,1230000,0.0,0,2023-03-23T23:35,-30000,1026000
297,1835080,28,98000,0,97.0,2657,2023-03-23T23:35,0,98000
298,3038000,29,66400,83000,97.0,204,2023-03-23T23:35,-9960,56440
299,3061969,30,80100,89000,90.0,2,2023-03-23T23:35,0,80100
300,342189,31,39500,52000,95.0,15574,2023-03-23T23:35,0,39500
301,2393864,32,1950000,3130000,100.0,1,2023-03-23T23:35,-30000,1920000
302,1969488,33,88000,0,98.0,1651,2023-03-23T23:35,0,88000
303,2320927,34,39000,51000,97.0,1948,2023-03-23T23:35,0,39000
304,2690214,35,824000,1820000,96.0,26,2023-03-23T23:35,-30000,794000
305,2789786,36,150100,158000,97.0,201,2023-03-23T23:35,-30020,120080
306,2789785,37,140600,148000,97.0,523,2023-03-23T23:35,-28120,112480
307,693318,38,79000,110000,96.0,13071,2023-03-23T23:35,0,79000
308,1564343,39,92800,119000,98.0,8014,2023-03-23T23:35,0,92800
309,2744332,40,159000,0,99.0,180,2023-03-23T23:35,0,159000
310,2408317,41,145800,162000,97.0,320,2023-03-23T23:35,0,145800
311,2789787,42,140600,148000,96.0,303,2023-03-23T23:35,-28120,112480
312,2630526,43,100000,0,96.0,579,2023-03-23T23:35,0,100000
313,2657250,44,125400,149000,98.0,87,2023-03-23T23:35,0,125400
314,1528287,45,46500,49000,96.0,4461,2023-03-23T23:35,0,46500
315,2514819,46,59000,66000,97.0,735,2023-03-23T23:35,0,59000
316,2732725,47,761000,1120000,100.0,6,2023-03-23T23:35,-30000,731000
317,1910358,48,99000,0,98.0,2423,2023-03-23T23:35,0,99000
318,3045584,49,130500,145000,97.0,3734,2023-03-23T23:35,0,130500
319,3024801,50,138000,0,100.0,11,2023-03-23T23:35,0,138000
320,1247560,51,79000,0,96.0,4221,2023-03-23T23:35,0,79000
321,1758217,52,43900,56000,97.0,13016,2023-03-23T23:35,-8780,35120
322,2311760,53,404700,809400,100.0,9,2023-03-23T23:35,-30000,374700
323,2979852,54,1391000,1670000,83.0,6,2023-03-23T23:35,-30000,1361000
324,2664933,55,90000,0,96.0,306,2023-03-23T23:35,0,90000
325,3034745,56,67200,84000,97.0,130,2023-03-23T23:35,0,67200
326,3142253,57,39900,49600,0.0,0,2023-03-23T23:35,-3990,35910
327,1964770,58,59400,66000,97.0,2415,2023-03-23T23:35,-5940,53460
328,2754080,59,88000,0,97.0,441,2023-03-23T23:35,0,88000
329,2760920,60,80100,89000,97.0,189,2023-03-23T23:35,-16020,64080
330,3029922,61,295000,0,98.0,61,2023-03-23T23:35,0,295000
331,1576725,62,137000,197000,97.0,5198,2023-03-23T23:35,-27400,109600
332,913402,63,83000,98000,95.0,7965,2023-03-23T23:35,0,83000
333,1323612,64,238000,0,97.0,3787,2023-03-23T23:35,-11900,226100
334,276256,65,69000,98000,96.0,14637,2023-03-23T23:35,0,69000
335,1745100,66,103500,109000,97.0,959,2023-03-23T23:35,0,103500
336,1749492,67,89100,99000,98.0,3800,2023-03-23T23:35,0,89100
337,3037524,68,79200,88000,0.0,0,2023-03-23T23:35,-15840,63360
338,1447194,69,64900,230000,96.0,2744,2023-03-23T23:35,0,64900
339,1320752,70,69800,135000,97.0,4667,2023-03-23T23:35,0,69800
340,2744318,71,159000,0,98.0,255,2023-03-23T23:35,0,159000
341,938746,72,80100,89000,95.0,12452,2023-03-23T23:35,0,80100
342,2702033,73,127200,159000,97.0,368,2023-03-23T23:35,0,127200
343,2930265,74,91000,0,98.0,490,2023-03-23T23:35,0,91000
344,2688604,75,159000,0,97.0,784,2023-03-23T23:35,0,159000
345,2395959,76,115200,128000,97.0,281,2023-03-23T23:35,-23040,92160
346,2679537,77,162000,0,95.0,82,2023-03-23T23:35,0,162000
347,1492969,78,97200,108000,96.0,800,2023-03-23T23:35,-19440,77760
348,2279619,79,89000,0,97.0,443,2023-03-23T23:35,0,89000
349,3061988,80,80100,89000,0.0,0,2023-03-23T23:35,0,80100
350,2975285,81,58500,65000,98.0,274,2023-03-23T23:35,0,58500
351,2245910,82,46000,69000,95.0,679,2023-03-23T23:35,0,46000
352,1534526,83,52200,55000,97.0,2340,2023-03-23T23:35,0,52200
353,2767263,84,72800,112000,95.0,377,2023-03-23T23:35,0,72800
354,2324898,85,63700,98000,97.0,1486,2023-03-23T23:35,0,63700
355,2002697,86,76000,0,97.0,3408,2023-03-23T23:35,0,76000
356,2789784,87,150100,158000,97.0,169,2023-03-23T23:35,-30020,120080
357,1597319,88,89100,99000,97.0,540,2023-03-23T23:35,-4455,84645
358,1453531,89,59000,0,96.0,2951,2023-03-23T23:35,0,59000
359,1216585,90,32000,59000,95.0,13809,2023-03-23T23:35,0,32000
360,1622068,1,119000,0,97.0,6284,2023-03-23T23:35,0,119000
361,2673444,2,39900,149000,95.0,122,2023-03-23T23:35,0,39900
362,2293400,3,129000,0,96.0,817,2023-03-23T23:35,0,129000
363,577636,4,99900,139000,95.0,30866,2023-03-23T23:35,0,99900
364,1762407,5,260000,0,97.0,2974,2023-03-23T23:35,0,260000
365,810034,6,85500,95000,97.0,44950,2023-03-23T23:35,0,85500
366,969541,7,69000,0,97.0,28948,2023-03-23T23:35,0,69000
367,2638067,8,99000,139000,97.0,2799,2023-03-23T23:35,0,99000
368,2320478,9,129000,0,97.0,398,2023-03-23T23:35,0,129000
369,3030422,10,139000,0,96.0,720,2023-03-23T23:35,-13900,125100
370,2741233,11,109000,0,97.0,2534,2023-03-23T23:35,0,109000
371,3091287,12,119000,0,98.0,144,2023-03-23T23:35,0,119000
372,181907,13,89900,119000,97.0,6972,2023-03-23T23:35,0,89900
373,311052,14,53100,59000,97.0,40876,2023-03-23T23:35,0,53100
374,2383963,15,139000,0,97.0,89,2023-03-23T23:35,0,139000
375,186610,16,75900,85000,97.0,16367,2023-03-23T23:35,0,75900
376,1762406,17,260000,0,98.0,3175,2023-03-23T23:35,0,260000
377,1900410,18,129000,0,97.0,4799,2023-03-23T23:35,0,129000
378,695334,19,78900,99000,96.0,9087,2023-03-23T23:35,0,78900
379,3096431,20,139000,0,98.0,14,2023-03-23T23:35,0,139000
380,1744960,21,119900,149000,97.0,8175,2023-03-23T23:35,0,119900
381,810033,22,89100,99000,97.0,34111,2023-03-23T23:35,0,89100
382,3079037,23,195000,0,97.0,143,2023-03-23T23:35,0,195000
383,2622254,24,109000,0,98.0,817,2023-03-23T23:35,0,109000
384,1493265,25,85500,95000,98.0,4806,2023-03-23T23:35,0,85500
385,2161992,26,69900,95000,98.0,3070,2023-03-23T23:35,0,69900
386,2233180,27,75900,109000,97.0,14017,2023-03-23T23:35,0,75900
387,1990244,28,129000,0,98.0,983,2023-03-23T23:35,0,129000
388,102620,29,69000,0,97.0,17656,2023-03-23T23:35,0,69000
389,2524840,30,139000,0,96.0,765,2023-03-23T23:35,0,139000
390,810032,31,85500,95000,97.0,13656,2023-03-23T23:35,0,85500
391,2861393,32,109900,139000,93.0,238,2023-03-23T23:35,0,109900
392,1792640,33,99000,0,98.0,3356,2023-03-23T23:35,0,99000
393,816033,34,70900,89000,96.0,13087,2023-03-23T23:35,0,70900
394,3033248,35,109000,0,97.0,525,2023-03-23T23:35,0,109000
395,1868015,36,119900,129000,97.0,1889,2023-03-23T23:35,0,119900
396,2768319,37,39900,109000,96.0,319,2023-03-23T23:35,0,39900
397,3109771,38,133900,149000,90.0,4,2023-03-23T23:35,0,133900
398,2731878,39,67900,79000,96.0,1416,2023-03-23T23:35,0,67900
399,2861392,40,124900,139000,97.0,523,2023-03-23T23:35,0,124900
400,2861395,41,109900,139000,96.0,448,2023-03-23T23:35,0,109900
401,490135,42,75900,95000,97.0,3065,2023-03-23T23:35,0,75900
402,2577087,43,89900,139000,97.0,311,2023-03-23T23:35,0,89900
403,3081253,44,112900,129000,94.0,54,2023-03-23T23:35,0,112900
404,3100522,45,129000,0,98.0,112,2023-03-23T23:35,0,129000
405,490136,46,76000,95000,98.0,1914,2023-03-23T23:35,0,76000
406,2268512,47,109000,0,97.0,382,2023-03-23T23:35,0,109000
407,2992063,48,280000,0,98.0,2039,2023-03-23T23:35,0,280000
408,1729744,49,76500,85000,97.0,3284,2023-03-23T23:35,0,76500
409,1955217,50,71000,109000,96.0,5072,2023-03-23T23:35,-7100,63900
410,1883698,51,139000,0,97.0,39,2023-03-23T23:35,0,139000
411,2996167,52,109900,139000,97.0,106,2023-03-23T23:35,0,109900
412,1130307,53,109000,0,97.0,6006,2023-03-23T23:35,0,109000
413,1686571,54,59900,129000,97.0,5226,2023-03-23T23:35,0,59900
414,2440110,55,53910,59900,97.0,760,2023-03-23T23:35,-4010,49900
415,2493214,56,169000,0,98.0,148,2023-03-23T23:35,0,169000
416,311050,57,53100,59000,97.0,8949,2023-03-23T23:35,0,53100
417,1493263,58,89100,99000,98.0,4121,2023-03-23T23:35,0,89100
418,1296778,59,99000,0,98.0,2012,2023-03-23T23:35,0,99000
419,2778805,60,99000,0,97.0,863,2023-03-23T23:35,0,99000
420,1354129,61,69000,99000,95.0,8629,2023-03-23T23:35,-6900,62100
421,2565212,62,119000,0,99.0,401,2023-03-23T23:35,0,119000
422,2899664,63,109900,159000,97.0,79,2023-03-23T23:35,0,109900
423,2737457,64,230000,0,98.0,411,2023-03-23T23:35,0,230000
424,1494180,65,71100,79000,95.0,5182,2023-03-23T23:35,0,71100
425,3023097,66,230000,0,98.0,71,2023-03-23T23:35,0,230000
426,957758,67,89000,0,97.0,4283,2023-03-23T23:35,0,89000
427,2801304,68,414000,700000,97.0,179,2023-03-23T23:35,-30000,384000
428,1492897,69,75000,0,96.0,2967,2023-03-23T23:35,0,75000
429,2992069,70,109900,139000,97.0,159,2023-03-23T23:35,0,109900
430,2909716,71,119000,0,97.0,74,2023-03-23T23:35,0,119000
431,2355071,72,265000,0,97.0,467,2023-03-23T23:35,0,265000
432,1798273,73,69000,119000,96.0,1129,2023-03-23T23:35,0,69000
433,1473136,74,119900,149000,97.0,10731,2023-03-23T23:35,0,119900
434,102618,75,69000,0,97.0,6004,2023-03-23T23:35,0,69000
435,2909092,76,89000,0,96.0,312,2023-03-23T23:35,0,89000
436,1608838,77,85000,0,97.0,12529,2023-03-23T23:35,0,85000
437,2909715,78,119000,0,96.0,63,2023-03-23T23:35,0,119000
438,922322,79,95000,0,95.0,9521,2023-03-23T23:35,0,95000
439,2229208,80,109000,0,97.0,1580,2023-03-23T23:35,0,109000
440,2233178,81,75900,109000,97.0,4856,2023-03-23T23:35,0,75900
441,490134,82,75900,95000,97.0,1905,2023-03-23T23:35,0,75900
442,2631192,83,98100,109000,98.0,317,2023-03-23T23:35,0,98100
443,2899656,84,109900,159000,94.0,65,2023-03-23T23:35,0,109900
444,1817779,85,69000,0,97.0,1615,2023-03-23T23:35,0,69000
445,716244,86,69900,95000,98.0,1034,2023-03-23T23:35,0,69900
446,1594352,87,85000,0,97.0,5527,2023-03-23T23:35,0,85000
447,2682873,88,220000,0,97.0,85,2023-03-23T23:35,0,220000
448,2970200,89,79000,0,98.0,400,2023-03-23T23:35,0,79000
449,165980,90,69000,0,97.0,4461,2023-03-23T23:35,0,69000
450,1092992,1,69000,0,97.0,37524,2023-03-23T23:35,0,69000
451,595040,2,210000,0,95.0,8677,2023-03-23T23:35,0,210000
452,2432733,3,44900,59000,97.0,2568,2023-03-23T23:35,0,44900
453,2664373,4,58500,65000,97.0,867,2023-03-23T23:35,0,58500
454,2664372,5,58500,65000,97.0,899,2023-03-23T23:35,0,58500
455,1339622,6,42900,59000,97.0,16023,2023-03-23T23:35,0,42900
456,2624538,7,40900,59000,97.0,1245,2023-03-23T23:35,0,40900
457,1568047,8,143100,159000,95.0,11954,2023-03-23T23:35,0,143100
458,2972872,9,65000,0,97.0,264,2023-03-23T23:35,0,65000
459,2395327,10,149000,0,97.0,540,2023-03-23T23:35,0,149000
460,3075621,11,339000,0,98.0,48,2023-03-23T23:35,0,339000
461,2433538,12,86700,102000,96.0,2285,2023-03-23T23:35,0,86700
462,1724193,13,251900,280000,98.0,1453,2023-03-23T23:35,0,251900
463,2069832,14,199900,332000,95.0,733,2023-03-23T23:35,-39980,159920
464,2101924,15,99900,0,96.0,1323,2023-03-23T23:35,-9990,89910
465,2816812,16,119900,0,92.0,1477,2023-03-23T23:35,0,119900
466,2910086,17,265500,295000,98.0,168,2023-03-23T23:35,0,265500
467,2091749,18,75650,89000,95.0,6115,2023-03-23T23:35,0,75650
468,2858619,19,498000,685000,98.0,34,2023-03-23T23:35,-30000,468000
469,1129750,20,69000,0,97.0,3842,2023-03-23T23:35,0,69000
470,3124961,21,62100,69000,0.0,0,2023-03-23T23:35,-3105,58995
471,595039,22,210000,0,97.0,3450,2023-03-23T23:35,0,210000
472,1699941,23,67150,79000,97.0,4713,2023-03-23T23:35,-3358,63792
473,1890398,24,132000,168000,96.0,2654,2023-03-23T23:35,0,132000
474,2589483,25,58500,65000,97.0,1225,2023-03-23T23:35,0,58500
475,2419871,26,44900,59000,97.0,840,2023-03-23T23:35,0,44900
476,2518112,27,89250,105000,96.0,896,2023-03-23T23:35,0,89250
477,1720827,28,169000,0,98.0,560,2023-03-23T23:35,0,169000
478,3052437,29,139500,155000,96.0,32,2023-03-23T23:35,-13950,125550
479,2446608,30,39900,59000,97.0,485,2023-03-23T23:35,0,39900
480,1730340,31,258000,0,97.0,4085,2023-03-23T23:35,0,258000
481,2355318,32,98790,109900,96.0,624,2023-03-23T23:35,-9879,88911
482,2910082,33,265500,295000,98.0,405,2023-03-23T23:35,0,265500
483,2816816,34,159900,0,97.0,1796,2023-03-23T23:35,0,159900
484,1720813,35,149000,0,97.0,396,2023-03-23T23:35,0,149000
485,2305529,36,132000,168000,97.0,69,2023-03-23T23:35,0,132000
486,1952910,37,265500,295000,98.0,1717,2023-03-23T23:35,0,265500
487,3084458,38,138000,197000,90.0,6,2023-03-23T23:35,-13800,124200
488,2143833,39,91800,108000,96.0,2346,2023-03-23T23:35,0,91800
489,3130686,40,169000,0,0.0,0,2023-03-23T23:35,0,169000
490,3084457,41,138000,197000,100.0,4,2023-03-23T23:35,-13800,124200
491,2744907,42,68850,81000,96.0,956,2023-03-23T23:35,0,68850
492,2437045,43,157000,218000,97.0,471,2023-03-23T23:35,0,157000
493,1562990,44,230000,0,96.0,1268,2023-03-23T23:35,0,230000
494,607298,45,53600,59000,93.0,15529,2023-03-23T23:35,0,53600
495,2093156,46,259000,0,90.0,15,2023-03-23T23:35,0,259000
496,2750309,47,44900,59000,98.0,339,2023-03-23T23:35,0,44900
497,1334438,48,170000,0,96.0,4374,2023-03-23T23:35,0,170000
498,3049313,49,57100,64900,97.0,350,2023-03-23T23:35,0,57100
499,1334440,50,100000,170000,96.0,2032,2023-03-23T23:35,0,100000
500,1815709,51,132000,168000,96.0,7091,2023-03-23T23:35,0,132000
501,1128656,52,86800,99000,95.0,21530,2023-03-23T23:35,0,86800
502,3061996,53,88200,98000,97.0,30,2023-03-23T23:35,-4410,83790
503,2211288,54,292500,325000,99.0,116,2023-03-23T23:35,0,292500
504,2430426,55,169000,0,98.0,683,2023-03-23T23:35,0,169000
505,1720822,56,209000,0,97.0,292,2023-03-23T23:35,0,209000
506,2363570,57,39900,55000,97.0,901,2023-03-23T23:35,0,39900
507,2919223,58,826000,1470000,0.0,0,2023-03-23T23:35,-30000,796000
508,3062046,59,78300,87000,95.0,48,2023-03-23T23:35,-3915,74385
509,2114461,60,384900,428000,98.0,181,2023-03-23T23:35,0,384900
510,3084467,61,138000,197000,100.0,4,2023-03-23T23:35,-13800,124200
511,3103381,62,57900,65000,94.0,23,2023-03-23T23:35,0,57900
512,2889427,63,730000,1190000,97.0,7,2023-03-23T23:35,-30000,700000
513,1438359,64,98000,0,97.0,1150,2023-03-23T23:35,0,98000
514,1548618,65,152000,198000,96.0,3270,2023-03-23T23:35,0,152000
515,2356342,66,103890,129900,94.0,441,2023-03-23T23:35,0,103890
516,2621831,67,64000,85000,95.0,678,2023-03-23T23:35,0,64000
517,1973858,68,143200,179000,98.0,1143,2023-03-23T23:35,0,143200
518,1273517,69,14900,34000,97.0,1239,2023-03-23T23:35,0,14900
519,501198,70,139000,0,95.0,2735,2023-03-23T23:35,0,139000
520,2435822,71,99000,0,97.0,175,2023-03-23T23:35,0,99000
521,1754219,72,31200,39000,96.0,2204,2023-03-23T23:35,0,31200
522,1755977,73,31500,45000,95.0,4089,2023-03-23T23:35,0,31500
523,1262089,74,300000,0,97.0,1578,2023-03-23T23:35,0,300000
524,3124959,75,52200,58000,0.0,0,2023-03-23T23:35,-2610,49590
525,2330196,76,59000,0,97.0,613,2023-03-23T23:35,0,59000
526,3084456,77,138000,197000,100.0,5,2023-03-23T23:35,-13800,124200
527,1813898,78,219000,0,97.0,28,2023-03-23T23:35,0,219000
528,2983901,79,696000,1160000,0.0,0,2023-03-23T23:35,-30000,666000
529,1120215,80,44000,0,94.0,689,2023-03-23T23:35,0,44000
530,2340324,81,179100,199000,97.0,168,2023-03-23T23:35,0,179100
531,1439527,82,44000,0,95.0,13412,2023-03-23T23:35,0,44000
532,2257886,83,109000,119000,95.0,1418,2023-03-23T23:35,0,109000
533,2725920,84,635000,1000000,0.0,0,2023-03-23T23:35,-30000,605000
534,2956567,85,629000,800000,0.0,0,2023-03-23T23:35,-30000,599000
535,3077169,86,148000,0,96.0,12,2023-03-23T23:35,0,148000
536,2633381,87,601200,992000,0.0,0,2023-03-23T23:35,-30000,571200
537,1021359,88,76000,100000,94.0,5363,2023-03-23T23:35,0,76000
538,2972873,89,65000,0,98.0,73,2023-03-23T23:35,0,65000
539,2735953,90,230000,0,98.0,371,2023-03-23T23:35,0,230000
540,3061175,1,89000,0,100.0,64,2023-03-23T23:35,0,89000
541,1214164,2,36000,0,96.0,24746,2023-03-23T23:35,0,36000
542,2879419,3,46900,55000,98.0,556,2023-03-23T23:35,0,46900
543,2280117,4,35100,39000,97.0,6008,2023-03-23T23:35,0,35100
544,1836699,5,79000,0,97.0,223,2023-03-23T23:35,0,79000
545,1771137,6,26100,29000,97.0,12296,2023-03-23T23:35,0,26100
546,2134140,7,39000,0,97.0,3416,2023-03-23T23:35,0,39000
547,1822717,8,56050,59000,97.0,4240,2023-03-23T23:35,0,56050
548,1272626,9,36000,0,96.0,14009,2023-03-23T23:35,0,36000
549,1214109,10,36000,0,97.0,7990,2023-03-23T23:35,0,36000
550,2286829,11,31450,37000,95.0,4705,2023-03-23T23:35,0,31450
551,1214173,12,36000,0,96.0,5488,2023-03-23T23:35,0,36000
552,1022014,13,79000,0,96.0,11378,2023-03-23T23:35,0,79000
553,1214174,14,36000,0,97.0,14921,2023-03-23T23:35,0,36000
554,1907733,15,21900,39000,96.0,3745,2023-03-23T23:35,0,21900
555,1022013,16,79000,0,96.0,6219,2023-03-23T23:35,0,79000
556,2028240,17,39000,0,98.0,3310,2023-03-23T23:35,0,39000
557,2134158,18,39000,0,97.0,2426,2023-03-23T23:35,0,39000
558,2356713,19,39000,0,97.0,1396,2023-03-23T23:35,0,39000
559,1214317,20,36000,0,97.0,11406,2023-03-23T23:35,0,36000
560,2715553,21,68000,0,95.0,231,2023-03-23T23:35,0,68000
561,1214169,22,36000,0,97.0,5285,2023-03-23T23:35,0,36000
562,1498091,23,79000,0,97.0,55,2023-03-23T23:35,0,79000
563,2464070,24,44000,55000,97.0,263,2023-03-23T23:35,-2200,41800
564,2221221,25,35100,39000,96.0,1808,2023-03-23T23:35,0,35100
565,2123132,26,39000,0,97.0,6308,2023-03-23T23:35,0,39000
566,1855444,27,37800,42000,97.0,2943,2023-03-23T23:35,0,37800
567,1771132,28,26100,29000,96.0,5150,2023-03-23T23:35,0,26100
568,1920929,29,39000,0,97.0,3927,2023-03-23T23:35,0,39000
569,2879425,30,46900,55000,97.0,198,2023-03-23T23:35,0,46900
570,2329375,31,34710,39000,97.0,2031,2023-03-23T23:35,0,34710
571,2980928,32,308000,490000,100.0,12,2023-03-23T23:35,-30000,278000
572,2356711,33,39000,0,97.0,1422,2023-03-23T23:35,0,39000
573,1497550,34,29600,37000,95.0,5611,2023-03-23T23:35,0,29600
574,1771133,35,26100,29000,97.0,5614,2023-03-23T23:35,0,26100
575,2280146,36,35100,39000,97.0,879,2023-03-23T23:35,0,35100
576,1906772,37,37800,42000,97.0,2984,2023-03-23T23:35,0,37800
577,2287131,38,37000,0,95.0,1545,2023-03-23T23:35,0,37000
578,3099130,39,54000,0,100.0,6,2023-03-23T23:35,0,54000
579,2883809,40,8700,29000,97.0,137,2023-03-23T23:35,0,8700
580,1300684,41,41300,59000,92.0,235,2023-03-23T23:35,0,41300
581,2591291,42,39200,49000,97.0,989,2023-03-23T23:35,0,39200
582,1335132,43,29000,0,95.0,1081,2023-03-23T23:35,0,29000
583,1063518,44,79000,0,96.0,948,2023-03-23T23:35,0,79000
584,2559153,45,425000,475000,0.0,0,2023-03-23T23:35,-30000,395000
585,2879417,46,46900,55000,98.0,157,2023-03-23T23:35,0,46900
586,1214106,47,36000,0,96.0,9690,2023-03-23T23:35,0,36000
587,2883808,48,8700,29000,97.0,48,2023-03-23T23:35,0,8700
588,2289281,49,26600,38000,96.0,847,2023-03-23T23:35,0,26600
589,1925814,50,35100,39000,96.0,1605,2023-03-23T23:35,0,35100
590,2672186,51,20900,30000,96.0,524,2023-03-23T23:35,-2090,18810
591,2381807,52,58650,69000,98.0,1125,2023-03-23T23:35,0,58650
592,1452917,53,69000,0,96.0,2384,2023-03-23T23:35,0,69000
593,2859190,54,31450,37000,95.0,370,2023-03-23T23:35,0,31450
594,2560668,55,58650,69000,97.0,1201,2023-03-23T23:35,0,58650
595,2356693,56,39000,0,97.0,1497,2023-03-23T23:35,0,39000
596,2287105,57,32300,38000,95.0,1432,2023-03-23T23:35,0,32300
597,3012243,58,27900,39900,97.0,37,2023-03-23T23:35,0,27900
598,2134295,59,39000,0,97.0,392,2023-03-23T23:35,0,39000
599,2089719,60,36000,0,97.0,2366,2023-03-23T23:35,0,36000
600,1524720,61,36000,0,96.0,3341,2023-03-23T23:35,0,36000
601,2107999,62,36000,0,97.0,2619,2023-03-23T23:35,0,36000
602,3051146,63,34000,0,0.0,0,2023-03-23T23:35,-3400,30600
603,2929140,64,155000,255000,0.0,0,2023-03-23T23:35,-30000,125000
604,2683537,65,58650,69000,98.0,213,2023-03-23T23:35,0,58650
605,1906773,66,37800,42000,97.0,630,2023-03-23T23:35,0,37800
606,1086824,67,29600,37000,95.0,18572,2023-03-23T23:35,0,29600
607,2962388,68,31200,39000,96.0,94,2023-03-23T23:35,0,31200
608,1214171,69,36000,0,97.0,1687,2023-03-23T23:35,0,36000
609,1126959,70,29250,39000,91.0,2540,2023-03-23T23:35,0,29250
610,2053753,71,33600,42000,98.0,4082,2023-03-23T23:35,0,33600
611,363169,72,17900,26000,94.0,4330,2023-03-23T23:35,0,17900
612,2358733,73,39000,0,97.0,402,2023-03-23T23:35,0,39000
613,2707659,74,42000,0,98.0,475,2023-03-23T23:35,0,42000
614,1022012,75,79000,0,94.0,2773,2023-03-23T23:35,0,79000
615,2478349,76,59000,0,97.0,100,2023-03-23T23:35,0,59000
616,1602670,77,56050,59000,97.0,730,2023-03-23T23:35,0,56050
617,1632175,78,39000,0,97.0,2666,2023-03-23T23:35,0,39000
618,1535402,79,39000,0,97.0,1182,2023-03-23T23:35,0,39000
619,1141872,80,43000,0,97.0,236,2023-03-23T23:35,-7740,35260
620,1214193,81,39000,0,97.0,15284,2023-03-23T23:35,0,39000
621,2484239,82,30600,36000,97.0,1400,2023-03-23T23:35,0,30600
622,3113678,83,78000,0,100.0,1,2023-03-23T23:35,-14040,63960
623,2998516,84,29000,0,96.0,113,2023-03-23T23:35,0,29000
624,3039055,85,43000,0,91.0,27,2023-03-23T23:35,0,43000
625,2151052,86,63000,0,97.0,93,2023-03-23T23:35,0,63000
626,2920868,87,52000,0,93.0,92,2023-03-23T23:35,0,52000
627,3099128,88,54000,0,100.0,2,2023-03-23T23:35,0,54000
628,2164768,89,62300,89000,98.0,112,2023-03-23T23:35,0,62300
629,2364344,90,30400,38000,97.0,1652,2023-03-23T23:35,0,30400
630,3059119,1,152150,179000,93.0,9,2023-03-23T23:35,-30430,121720
631,2587981,2,293300,419000,0.0,0,2023-03-23T23:35,-52794,240506
632,3135904,3,92000,0,0.0,0,2023-03-23T23:35,-4600,87400
633,3040561,4,175750,185000,100.0,5,2023-03-23T23:35,-35150,140600
634,3129884,5,275000,0,0.0,0,2023-03-23T23:35,-55000,220000
635,2457508,6,153300,219000,98.0,22,2023-03-23T23:35,0,153300
636,2605850,7,94000,0,97.0,155,2023-03-23T23:35,-4700,89300
637,3106487,8,148000,0,100.0,9,2023-03-23T23:35,0,148000
638,3083242,9,215100,239000,80.0,3,2023-03-23T23:35,-10755,204345
639,3081771,10,189000,0,100.0,1,2023-03-23T23:35,-9450,179550
640,2815208,11,386100,429000,0.0,0,2023-03-23T23:35,-69498,316602
641,2731616,12,47400,79000,94.0,74,2023-03-23T23:35,0,47400
642,3008189,13,334000,478000,100.0,2,2023-03-23T23:35,-60120,273880
643,2091668,14,339000,0,80.0,1,2023-03-23T23:35,0,339000
644,1103286,15,94000,0,94.0,776,2023-03-23T23:35,-4700,89300
645,2362380,16,85400,122000,85.0,22,2023-03-23T23:35,-4270,81130
646,2388209,17,94000,0,96.0,149,2023-03-23T23:35,-4700,89300
647,3130633,18,149000,0,100.0,1,2023-03-23T23:35,-7450,141550
648,3122381,19,151200,168000,100.0,2,2023-03-23T23:35,-27216,123984
649,1341924,20,95760,152000,96.0,75,2023-03-23T23:35,-4788,90972
650,2755512,21,156400,184000,100.0,2,2023-03-23T23:35,0,156400
651,1871030,22,133600,167000,94.0,92,2023-03-23T23:35,-6680,126920
652,2512635,23,35400,59000,96.0,188,2023-03-23T23:35,0,35400
653,3158252,24,278000,0,0.0,0,2023-03-23T23:35,-13900,264100
654,3050173,25,166600,238000,0.0,0,2023-03-23T23:35,-24990,141610
655,2677630,26,279000,0,0.0,0,2023-03-23T23:35,0,279000
656,1579103,27,126400,158000,96.0,96,2023-03-23T23:35,-6320,120080
657,2589503,28,134100,149000,100.0,3,2023-03-23T23:35,0,134100
658,1779568,29,57600,64000,95.0,289,2023-03-23T23:35,0,57600
659,2714524,30,48300,69000,95.0,389,2023-03-23T23:35,-4830,43470
660,3084760,31,119000,0,100.0,1,2023-03-23T23:35,0,119000
661,3104789,32,113050,119000,0.0,0,2023-03-23T23:35,-5653,107397
662,3159373,33,128000,0,0.0,0,2023-03-23T23:35,0,128000
663,2778934,34,62300,89000,98.0,42,2023-03-23T23:35,0,62300
664,3046091,35,223200,248000,100.0,1,2023-03-23T23:35,-11160,212040
665,3074707,36,119000,0,0.0,0,2023-03-23T23:35,0,119000
666,3070522,37,218000,0,0.0,0,2023-03-23T23:35,0,218000
667,2568529,38,220000,0,100.0,10,2023-03-23T23:35,0,220000
668,2131848,39,109000,0,94.0,56,2023-03-23T23:35,-5450,103550
669,3053225,40,159000,0,100.0,2,2023-03-23T23:35,0,159000
670,2377832,41,195000,0,95.0,171,2023-03-23T23:35,-9750,185250
671,2717734,42,79000,0,98.0,53,2023-03-23T23:35,0,79000
672,3140510,43,198000,0,0.0,0,2023-03-23T23:35,0,198000
673,3037449,44,199000,0,80.0,3,2023-03-23T23:35,-9950,189050
674,3073259,45,196200,218000,100.0,1,2023-03-23T23:35,-35316,160884
675,3091291,46,85000,0,0.0,0,2023-03-23T23:35,0,85000
676,3091290,47,85000,0,0.0,0,2023-03-23T23:35,0,85000
677,2564912,48,195300,279000,100.0,3,2023-03-23T23:35,-9765,185535
678,2621814,49,208000,0,0.0,0,2023-03-23T23:35,-41600,166400
679,2970900,50,189000,0,100.0,4,2023-03-23T23:35,0,189000
680,3124599,51,198000,0,0.0,0,2023-03-23T23:35,-19800,178200
681,2570487,52,189000,0,0.0,0,2023-03-23T23:35,0,189000
682,2489894,53,150100,158000,98.0,98,2023-03-23T23:35,-7505,142595
683,2848560,54,198000,0,0.0,0,2023-03-23T23:35,-39600,158400
684,2393504,55,94000,0,99.0,48,2023-03-23T23:35,-4700,89300
685,2147045,56,189000,0,96.0,10,2023-03-23T23:35,-9450,179550
686,1881469,57,165000,0,94.0,19,2023-03-23T23:35,-8250,156750
687,3053223,58,179000,0,100.0,4,2023-03-23T23:35,0,179000
688,3082471,59,189000,0,0.0,0,2023-03-23T23:35,-9450,179550
689,3083230,60,159000,0,100.0,3,2023-03-23T23:35,-7950,151050
690,3041848,61,168000,0,0.0,0,2023-03-23T23:35,0,168000
691,3055337,62,159000,0,0.0,0,2023-03-23T23:35,0,159000
692,2721825,63,185400,309000,100.0,1,2023-03-23T23:35,-33372,152028
693,3085850,64,115200,128000,0.0,0,2023-03-23T23:35,0,115200
694,3065781,65,179000,0,0.0,0,2023-03-23T23:35,-8950,170050
695,3135497,66,150100,158000,0.0,0,2023-03-23T23:35,-30020,120080
696,3135499,67,150100,158000,0.0,0,2023-03-23T23:35,-30020,120080
697,2373164,68,179000,0,88.0,9,2023-03-23T23:35,0,179000
698,3130634,69,149000,0,86.0,3,2023-03-23T23:35,-7450,141550
699,3071464,70,159000,0,100.0,4,2023-03-23T23:35,0,159000
700,1511128,71,168000,0,97.0,51,2023-03-23T23:35,0,168000
701,1511131,72,168000,0,96.0,57,2023-03-23T23:35,0,168000
702,3135234,73,80100,89000,0.0,0,2023-03-23T23:35,0,80100
703,1455772,74,94000,0,96.0,208,2023-03-23T23:35,-4700,89300
704,2581979,75,172000,216000,0.0,0,2023-03-23T23:35,0,172000
705,3091292,76,85000,0,0.0,0,2023-03-23T23:35,0,85000
706,3122373,77,151200,168000,0.0,0,2023-03-23T23:35,-27216,123984
707,3111357,78,158000,0,0.0,0,2023-03-23T23:35,-7900,150100
708,3146668,79,159600,168000,0.0,0,2023-03-23T23:35,0,159600
709,3085822,80,115200,128000,0.0,0,2023-03-23T23:35,0,115200
710,3092140,81,160200,178000,0.0,0,2023-03-23T23:35,0,160200
711,2537957,82,153000,219000,100.0,1,2023-03-23T23:35,0,153000
712,2585141,83,148000,0,86.0,6,2023-03-23T23:35,0,148000
713,1810867,84,160200,178000,0.0,0,2023-03-23T23:35,0,160200
714,3146212,85,69900,0,0.0,0,2023-03-23T23:35,-3495,66405
715,3106671,86,161000,0,0.0,0,2023-03-23T23:35,0,161000
716,3149935,87,149000,0,0.0,0,2023-03-23T23:35,0,149000
717,2634293,88,138600,198000,100.0,6,2023-03-23T23:35,-20790,117810
718,3157567,89,129000,0,0.0,0,2023-03-23T23:35,0,129000
719,3147475,90,159000,0,0.0,0,2023-03-23T23:35,0,159000
720,2867750,1,135000,0,96.0,35,2023-03-23T23:35,-6750,128250
721,2925522,2,54600,65000,95.0,74,2023-03-23T23:35,0,54600
722,2144842,3,65400,109000,95.0,19,2023-03-23T23:35,0,65400
723,3070528,4,168000,0,0.0,0,2023-03-23T23:35,-8400,159600
724,2801111,5,78900,105000,93.0,3,2023-03-23T23:35,0,78900
725,3119333,6,379000,0,0.0,0,2023-03-23T23:35,0,379000
726,3080576,7,80100,89000,0.0,0,2023-03-23T23:35,-8010,72090
727,3073252,8,160200,178000,100.0,1,2023-03-23T23:35,-28836,131364
728,2377812,9,178200,198000,97.0,57,2023-03-23T23:35,-32076,146124
729,3058718,10,81600,96000,97.0,7,2023-03-23T23:35,-16320,65280
730,3026955,11,86700,102000,0.0,0,2023-03-23T23:35,-4335,82365
731,2429118,12,270400,338000,95.0,8,2023-03-23T23:35,-40560,229840
732,2377804,13,178200,198000,93.0,37,2023-03-23T23:35,-32076,146124
733,2551401,14,37900,0,93.0,257,2023-03-23T23:35,0,37900
734,3058716,15,81600,96000,100.0,3,2023-03-23T23:35,-16320,65280
735,3037454,16,141550,149000,0.0,0,2023-03-23T23:35,-7078,134472
736,2756335,17,125400,132000,96.0,43,2023-03-23T23:35,-6270,119130
737,2416846,18,54000,67900,91.0,77,2023-03-23T23:35,-2700,51300
738,2806614,19,119000,0,98.0,86,2023-03-23T23:35,0,119000
739,2796166,20,38400,64000,96.0,214,2023-03-23T23:35,-1920,36480
740,2836351,21,49680,72000,96.0,406,2023-03-23T23:35,-4968,44712
741,3051036,22,95200,119000,100.0,1,2023-03-23T23:35,0,95200
742,2377814,23,178200,198000,96.0,68,2023-03-23T23:35,-32076,146124
743,2300718,24,39390,43900,95.0,224,2023-03-23T23:35,0,39390
744,3044176,25,378000,0,100.0,1,2023-03-23T23:35,-68040,309960
745,3070530,26,168000,0,0.0,0,2023-03-23T23:35,0,168000
746,2709978,27,358000,0,100.0,2,2023-03-23T23:35,-64440,293560
747,2725422,28,36900,0,98.0,61,2023-03-23T23:35,0,36900
748,3040812,29,74100,78000,100.0,12,2023-03-23T23:35,-14820,59280
749,2830808,30,139000,0,96.0,13,2023-03-23T23:35,-6950,132050
750,2864414,31,69300,99000,93.0,65,2023-03-23T23:35,-3465,65835
751,2378593,32,88200,98000,94.0,69,2023-03-23T23:35,-4410,83790
752,3065812,33,159000,0,0.0,0,2023-03-23T23:35,0,159000
753,3159166,34,145800,162000,0.0,0,2023-03-23T23:35,0,145800
754,2848211,35,279300,399000,0.0,0,2023-03-23T23:35,0,279300
755,2830788,36,139000,0,95.0,24,2023-03-23T23:35,-6950,132050
756,3035256,37,49600,62000,100.0,2,2023-03-23T23:35,0,49600
757,3100903,38,151200,168000,0.0,0,2023-03-23T23:35,-27216,123984
758,3051192,39,109000,0,98.0,12,2023-03-23T23:35,-5450,103550
759,2848208,40,279300,399000,0.0,0,2023-03-23T23:35,0,279300
760,3026953,41,86700,102000,100.0,2,2023-03-23T23:35,-4335,82365
761,2448899,42,39490,43900,95.0,114,2023-03-23T23:35,0,39490
762,3114347,43,299000,0,0.0,0,2023-03-23T23:35,0,299000
763,3051039,44,95200,119000,100.0,13,2023-03-23T23:35,0,95200
764,3092933,45,139000,0,0.0,0,2023-03-23T23:35,0,139000
765,2792603,46,43900,0,100.0,31,2023-03-23T23:35,0,43900
766,2448900,47,39490,43900,95.0,78,2023-03-23T23:35,0,39490
767,3125453,48,55200,89900,100.0,1,2023-03-23T23:35,0,55200
768,2501782,49,278600,398000,0.0,0,2023-03-23T23:35,-50148,228452
769,3153423,50,139000,0,0.0,0,2023-03-23T23:35,0,139000
770,2551400,51,39900,0,93.0,121,2023-03-23T23:35,0,39900
771,3088714,52,270000,0,0.0,0,2023-03-23T23:35,-48600,221400
772,3099774,53,238000,0,100.0,5,2023-03-23T23:35,-11900,226100
773,3070402,54,133200,148000,0.0,0,2023-03-23T23:35,0,133200
774,2117256,55,37900,0,96.0,233,2023-03-23T23:35,0,37900
775,3040788,56,92000,0,86.0,3,2023-03-23T23:35,-18400,73600
776,2935291,57,121500,135000,95.0,4,2023-03-23T23:35,0,121500
777,3112848,58,247000,260000,100.0,1,2023-03-23T23:35,-44460,202540
778,3085054,59,258000,0,0.0,0,2023-03-23T23:35,-46440,211560
779,2739414,60,118000,0,100.0,4,2023-03-23T23:35,0,118000
780,2801110,61,94900,105000,100.0,2,2023-03-23T23:35,0,94900
781,3126112,62,63200,79000,100.0,6,2023-03-23T23:35,0,63200
782,3150458,63,71920,89900,0.0,0,2023-03-23T23:35,0,71920
783,2551406,64,37900,0,95.0,185,2023-03-23T23:35,0,37900
784,3115907,65,124200,138000,100.0,2,2023-03-23T23:35,0,124200
785,2518363,66,243600,348000,100.0,4,2023-03-23T23:35,-31668,211932
786,2499645,67,243600,348000,0.0,0,2023-03-23T23:35,-31668,211932
787,2377805,68,178200,198000,92.0,17,2023-03-23T23:35,-32076,146124
788,1819994,69,36500,43000,92.0,644,2023-03-23T23:35,0,36500
789,2607684,70,238000,0,0.0,0,2023-03-23T23:35,-42840,195160
790,3120565,71,232200,258000,0.0,0,2023-03-23T23:35,-41796,190404
791,3089728,72,99750,105000,100.0,7,2023-03-23T23:35,-4988,94762
792,2117253,73,43900,0,94.0,244,2023-03-23T23:35,0,43900
793,3104487,74,88200,98000,80.0,2,2023-03-23T23:35,-4410,83790
794,3030882,75,218000,0,100.0,1,2023-03-23T23:35,-39240,178760
795,3121864,76,219000,0,0.0,0,2023-03-23T23:35,0,219000
796,1645760,77,39390,43900,96.0,325,2023-03-23T23:35,0,39390
797,3121445,78,78000,98000,100.0,2,2023-03-23T23:35,-3900,74100
798,2942764,79,189000,0,98.0,11,2023-03-23T23:35,0,189000
799,3000422,80,59000,0,100.0,17,2023-03-23T23:35,0,59000
800,3040745,81,88000,110000,93.0,12,2023-03-23T23:35,-4400,83600
801,2445851,82,198000,0,60.0,1,2023-03-23T23:35,-35640,162360
802,3059048,83,92650,109000,73.0,3,2023-03-23T23:35,-16677,75973
803,2664568,84,186000,0,100.0,2,2023-03-23T23:35,-33480,152520
804,3133082,85,171000,0,70.0,2,2023-03-23T23:35,-17100,153900
805,2063237,86,41400,69000,94.0,149,2023-03-23T23:35,0,41400
806,3123863,87,160200,178000,0.0,0,2023-03-23T23:35,-28836,131364
807,3101970,88,158000,0,0.0,0,2023-03-23T23:35,0,158000
808,3120375,89,68000,0,0.0,0,2023-03-23T23:35,0,68000
809,3125460,90,171000,0,80.0,2,2023-03-23T23:35,0,171000
810,991339,1,17890,19900,97.0,52008,2023-03-23T23:35,0,17890
811,1986031,2,24990,27900,97.0,10209,2023-03-23T23:35,0,24990
812,998051,3,13900,24000,97.0,160376,2023-03-23T23:35,0,13900
813,991340,4,17890,19900,97.0,30495,2023-03-23T23:35,0,17890
814,1094748,5,19900,0,97.0,18882,2023-03-23T23:35,0,19900
815,763821,6,16900,22000,96.0,31169,2023-03-23T23:35,0,16900
816,1477845,7,15400,22000,96.0,9372,2023-03-23T23:35,0,15400
817,1986029,8,27900,0,98.0,3842,2023-03-23T23:35,0,27900
818,1443937,9,12900,24000,97.0,7532,2023-03-23T23:35,0,12900
819,734085,10,11900,19800,96.0,64193,2023-03-23T23:35,0,11900
820,1094835,11,14290,15900,97.0,6107,2023-03-23T23:35,0,14290
821,1996705,12,23690,27900,98.0,2623,2023-03-23T23:35,0,23690
822,1996702,13,23690,27900,97.0,1873,2023-03-23T23:35,0,23690
823,792919,14,15190,16900,96.0,17845,2023-03-23T23:35,0,15190
824,746158,15,22900,0,96.0,20444,2023-03-23T23:35,0,22900
825,1821485,16,30000,0,96.0,1226,2023-03-23T23:35,0,30000
826,991570,17,12900,20000,97.0,18905,2023-03-23T23:35,0,12900
827,2297277,18,19900,22000,95.0,239,2023-03-23T23:35,0,19900
828,2832613,19,11200,33000,97.0,536,2023-03-23T23:35,0,11200
829,1342874,20,16900,33000,97.0,12463,2023-03-23T23:35,0,16900
830,1729576,21,9500,13900,97.0,15743,2023-03-23T23:35,0,9500
831,2845854,22,14900,18900,97.0,162,2023-03-23T23:35,0,14900
832,2959925,23,22000,27500,99.0,65,2023-03-23T23:35,0,22000
833,991341,24,16890,19900,96.0,10099,2023-03-23T23:35,0,16890
834,2959926,25,14850,16500,98.0,96,2023-03-23T23:35,0,14850
835,1094749,26,19900,0,96.0,4906,2023-03-23T23:35,0,19900
836,1986030,27,23690,27900,97.0,1625,2023-03-23T23:35,0,23690
837,792920,28,15190,16900,96.0,9639,2023-03-23T23:35,0,15190
838,746159,29,20590,22900,95.0,28654,2023-03-23T23:35,0,20590
839,1974077,30,42090,46900,97.0,880,2023-03-23T23:35,0,42090
840,1260384,31,19900,0,95.0,1786,2023-03-23T23:35,0,19900
841,479245,32,15400,22000,93.0,5342,2023-03-23T23:35,0,15400
842,1260383,33,19900,0,95.0,1444,2023-03-23T23:35,0,19900
843,2467197,34,30000,0,95.0,124,2023-03-23T23:35,0,30000
844,3118094,35,28800,32000,0.0,0,2023-03-23T23:35,-1440,27360
845,2960555,36,14900,19000,92.0,74,2023-03-23T23:35,0,14900
846,1094834,37,21490,23900,96.0,2423,2023-03-23T23:35,0,21490
847,2293399,38,19900,22000,96.0,609,2023-03-23T23:35,0,19900
848,1996704,39,22290,27900,97.0,684,2023-03-23T23:35,0,22290
849,1346009,40,9900,12000,97.0,6619,2023-03-23T23:35,0,9900
850,1094750,41,16890,19900,97.0,3512,2023-03-23T23:35,0,16890
851,2649999,42,12800,16000,93.0,60,2023-03-23T23:35,0,12800
852,3113487,43,32000,0,100.0,2,2023-03-23T23:35,0,32000
853,3065854,44,22500,25000,100.0,8,2023-03-23T23:35,0,22500
854,1573974,45,39790,46900,98.0,1444,2023-03-23T23:35,0,39790
855,2821598,46,19390,22900,97.0,128,2023-03-23T23:35,0,19390
856,1556773,47,15200,16000,96.0,672,2023-03-23T23:35,-3040,12160
857,1821487,48,30000,0,97.0,663,2023-03-23T23:35,0,30000
858,1260388,49,20900,0,96.0,654,2023-03-23T23:35,0,20900
859,1475055,50,16900,22000,96.0,1153,2023-03-23T23:35,0,16900
860,1477846,51,15400,22000,96.0,2631,2023-03-23T23:35,0,15400
861,2011852,52,21490,23900,97.0,1285,2023-03-23T23:35,0,21490
862,2477854,53,17890,19900,98.0,1426,2023-03-23T23:35,0,17890
863,752821,54,9900,0,94.0,23645,2023-03-23T23:35,0,9900
864,2347097,55,15900,24000,98.0,1487,2023-03-23T23:35,0,15900
865,2973952,56,28800,48000,100.0,6,2023-03-23T23:35,-5184,23616
866,3009680,57,12590,14900,98.0,80,2023-03-23T23:35,0,12590
867,2973095,58,20000,25000,100.0,18,2023-03-23T23:35,0,20000
868,1475031,59,17900,27000,96.0,1699,2023-03-23T23:35,0,17900
869,2477852,60,17890,19900,98.0,661,2023-03-23T23:35,0,17890
870,3060376,61,26100,29000,100.0,5,2023-03-23T23:35,0,26100
871,2377936,62,25000,0,97.0,272,2023-03-23T23:35,-4500,20500
872,2509300,63,19900,0,96.0,382,2023-03-23T23:35,0,19900
873,2971853,64,17100,19000,94.0,37,2023-03-23T23:35,0,17100
874,746161,65,20590,22900,95.0,7719,2023-03-23T23:35,0,20590
875,924947,66,15300,19800,96.0,3571,2023-03-23T23:35,0,15300
876,2738094,67,19900,0,96.0,166,2023-03-23T23:35,0,19900
877,1348077,68,10900,16500,97.0,1835,2023-03-23T23:35,0,10900
878,1246150,69,17800,33600,95.0,3500,2023-03-23T23:35,0,17800
879,1556774,70,15200,16000,96.0,462,2023-03-23T23:35,-3040,12160
880,2346958,71,18900,24000,98.0,496,2023-03-23T23:35,0,18900
881,2929635,72,16800,27000,97.0,464,2023-03-23T23:35,0,16800
882,2342849,73,15120,18900,91.0,108,2023-03-23T23:35,0,15120
883,1392773,74,16890,19900,95.0,1470,2023-03-23T23:35,0,16890
884,1094836,75,14290,15900,97.0,1295,2023-03-23T23:35,0,14290
885,3040542,76,20900,22000,100.0,8,2023-03-23T23:35,-4180,16720
886,1547562,77,15400,22000,95.0,1345,2023-03-23T23:35,0,15400
887,1842307,78,27900,41700,97.0,677,2023-03-23T23:35,0,27900
888,2011850,79,21490,23900,98.0,841,2023-03-23T23:35,0,21490
889,3040535,80,20900,22000,85.0,4,2023-03-23T23:35,-4180,16720
890,1094837,81,13490,15900,96.0,1738,2023-03-23T23:35,0,13490
891,1392772,82,16890,19900,96.0,1129,2023-03-23T23:35,0,16890
892,2821590,83,19690,21900,98.0,37,2023-03-23T23:35,0,19690
893,1346070,84,9900,12000,97.0,1839,2023-03-23T23:35,0,9900
894,2376087,85,17100,18000,96.0,342,2023-03-23T23:35,-3420,13680
895,1777081,86,8000,12800,96.0,1093,2023-03-23T23:35,0,8000
896,3125337,87,56000,0,60.0,1,2023-03-23T23:35,0,56000
897,2821599,88,22900,0,97.0,112,2023-03-23T23:35,0,22900
898,2821597,89,22900,0,98.0,92,2023-03-23T23:35,0,22900
899,1286366,90,12900,24000,97.0,9758,2023-03-23T23:35,0,12900
