,item_id,rank,price,del_price,rating,rating_count,time,coupon,real_price
0,2272830,1,35910,39900,97.0,19972,2023-04-16T00:33,-5387,30523
1,1848166,2,44100,49000,97.0,41301,2023-04-16T00:33,-4410,39690
2,2479911,3,49400,76000,97.0,4421,2023-04-16T00:33,0,49400
3,2015684,4,39000,0,95.0,6476,2023-04-16T00:33,0,39000
4,2442409,5,39000,78000,96.0,9122,2023-04-16T00:33,-5850,33150
5,2313388,6,68000,85000,96.0,2206,2023-04-16T00:33,-13600,54400
6,2086653,7,16900,0,97.0,40160,2023-04-16T00:33,0,16900
7,1763157,8,44200,52000,95.0,2731,2023-04-16T00:33,0,44200
8,345889,9,29900,47900,95.0,10082,2023-04-16T00:33,0,29900
9,3176118,10,65550,69000,97.0,33,2023-04-16T00:33,-9833,55717
10,3176119,11,65550,69000,97.0,30,2023-04-16T00:33,-9833,55717
11,3161295,12,45000,0,0.0,0,2023-04-16T00:33,0,45000
12,2462040,13,38000,45000,95.0,3914,2023-04-16T00:33,-7600,30400
13,3105468,14,67150,79000,98.0,85,2023-04-16T00:33,0,67150
14,3149803,15,89100,99000,91.0,7,2023-04-16T00:33,0,89100
15,2646350,16,59800,94000,95.0,4587,2023-04-16T00:33,-8970,50830
16,2454238,17,97200,108000,97.0,1603,2023-04-16T00:33,-14580,82620
17,2285512,18,44200,52000,96.0,1763,2023-04-16T00:33,0,44200
18,1882578,19,35910,39900,97.0,10248,2023-04-16T00:33,0,35910
19,2034137,20,31800,0,97.0,17690,2023-04-16T00:33,-4770,27030
20,2149254,21,37800,0,97.0,33942,2023-04-16T00:33,-5670,32130
21,1921901,22,36900,70500,96.0,7678,2023-04-16T00:33,0,36900
22,3175768,23,49500,66000,97.0,166,2023-04-16T00:33,-4950,44550
23,2364807,24,219000,0,96.0,726,2023-04-16T00:33,0,219000
24,3064420,25,55200,69000,98.0,83,2023-04-16T00:33,0,55200
25,2085005,26,48300,69000,95.0,2114,2023-04-16T00:33,0,48300
26,1706633,27,199000,0,97.0,2428,2023-04-16T00:33,0,199000
27,1779737,28,27200,32000,96.0,7320,2023-04-16T00:33,-5440,21760
28,2377269,29,45000,0,97.0,4122,2023-04-16T00:33,0,45000
29,1763123,30,84550,89000,96.0,1683,2023-04-16T00:33,0,84550
30,2456003,31,37900,82900,95.0,2259,2023-04-16T00:33,0,37900
31,2409397,32,45000,0,97.0,2832,2023-04-16T00:33,-4500,40500
32,1884943,33,29900,39000,96.0,18990,2023-04-16T00:33,-4485,25415
33,3143791,34,45900,68000,98.0,425,2023-04-16T00:33,-6885,39015
34,3043051,35,68000,85000,96.0,98,2023-04-16T00:33,-13600,54400
35,1939099,36,34300,49000,97.0,11952,2023-04-16T00:33,0,34300
36,994588,37,39900,53000,93.0,6113,2023-04-16T00:33,-3990,35910
37,2398381,38,27000,45000,96.0,3621,2023-04-16T00:33,0,27000
38,1817394,39,59900,150000,93.0,7306,2023-04-16T00:33,0,59900
39,1005680,40,17500,35000,95.0,9323,2023-04-16T00:33,0,17500
40,1944612,41,35800,59700,97.0,2976,2023-04-16T00:33,0,35800
41,3067178,42,29750,35000,96.0,156,2023-04-16T00:33,-5950,23800
42,2462039,43,38000,45000,96.0,1489,2023-04-16T00:33,-7600,30400
43,2851485,44,55400,68900,96.0,507,2023-04-16T00:33,-8310,47090
44,3219911,45,69900,118000,100.0,5,2023-04-16T00:33,0,69900
45,3033227,46,42000,0,97.0,88,2023-04-16T00:33,0,42000
46,2392759,47,39900,49600,95.0,4141,2023-04-16T00:33,-5985,33915
47,2122566,48,33800,0,97.0,16636,2023-04-16T00:33,-5070,28730
48,2326935,49,55300,79000,96.0,13056,2023-04-16T00:33,-11060,44240
49,2376229,50,36000,0,97.0,3880,2023-04-16T00:33,0,36000
50,1899755,51,29900,39000,96.0,5028,2023-04-16T00:33,-4485,25415
51,2913656,52,47900,64000,96.0,373,2023-04-16T00:33,-4790,43110
52,3032250,53,44800,64000,96.0,970,2023-04-16T00:33,-6720,38080
53,3129723,54,27300,39000,98.0,35,2023-04-16T00:33,-4095,23205
54,1848824,55,153300,219000,95.0,66,2023-04-16T00:33,0,153300
55,2722805,56,63200,79000,96.0,953,2023-04-16T00:33,0,63200
56,2775713,57,39800,49000,93.0,3013,2023-04-16T00:33,-5970,33830
57,956939,58,65000,0,95.0,13556,2023-04-16T00:33,-9750,55250
58,1498105,59,189000,0,97.0,2032,2023-04-16T00:33,0,189000
59,2453556,60,39900,42000,97.0,6325,2023-04-16T00:33,0,39900
60,1900341,61,34400,43000,97.0,2304,2023-04-16T00:33,-6880,27520
61,1763218,62,84550,89000,96.0,1525,2023-04-16T00:33,0,84550
62,1574201,63,63200,79000,97.0,4609,2023-04-16T00:33,0,63200
63,2065712,64,59000,62000,98.0,6801,2023-04-16T00:33,-5900,53100
64,3175651,65,39600,55000,98.0,116,2023-04-16T00:33,-3960,35640
65,3043045,66,68000,85000,99.0,62,2023-04-16T00:33,-13600,54400
66,1005683,67,17500,35000,95.0,10953,2023-04-16T00:33,0,17500
67,2562821,68,81900,91000,97.0,116,2023-04-16T00:33,0,81900
68,1582356,69,49200,82000,96.0,16311,2023-04-16T00:33,0,49200
69,2457846,70,37900,82900,95.0,1464,2023-04-16T00:33,0,37900
70,2065708,71,59000,62000,98.0,6780,2023-04-16T00:33,-5900,53100
71,3163734,72,67150,79000,98.0,76,2023-04-16T00:33,0,67150
72,3034895,73,101150,119000,98.0,410,2023-04-16T00:33,0,101150
73,3187851,74,49900,110000,97.0,254,2023-04-16T00:33,0,49900
74,3054344,75,159000,0,98.0,311,2023-04-16T00:33,-7950,151050
75,2708999,76,36800,62500,96.0,671,2023-04-16T00:33,0,36800
76,2401885,77,23900,59000,96.0,3530,2023-04-16T00:33,0,23900
77,1706634,78,199000,0,97.0,1570,2023-04-16T00:33,0,199000
78,2403601,79,32500,50000,96.0,2292,2023-04-16T00:33,-4875,27625
79,2038497,80,36000,45000,95.0,16442,2023-04-16T00:33,-3600,32400
80,2314616,81,39000,43000,97.0,8411,2023-04-16T00:33,-5850,33150
81,2376233,82,36000,0,97.0,2256,2023-04-16T00:33,0,36000
82,2471760,83,35100,39000,97.0,6572,2023-04-16T00:33,-7020,28080
83,1503352,84,39900,42000,97.0,8504,2023-04-16T00:33,0,39900
84,2375962,85,59000,62000,98.0,5638,2023-04-16T00:33,-5900,53100
85,3220819,86,45000,0,100.0,6,2023-04-16T00:33,0,45000
86,3012570,87,45900,79000,96.0,303,2023-04-16T00:33,-6885,39015
87,2996536,88,39900,59000,97.0,684,2023-04-16T00:33,-3990,35910
88,996177,89,15900,0,95.0,77797,2023-04-16T00:33,0,15900
89,3180166,90,31200,39000,98.0,140,2023-04-16T00:33,0,31200
90,1856181,1,35910,39900,97.0,7819,2023-04-16T00:33,-5387,30523
91,3019671,2,188100,209000,95.0,108,2023-04-16T00:33,-28215,159885
92,1558197,3,73690,81900,97.0,32663,2023-04-16T00:33,0,73690
93,1778404,4,42000,45000,96.0,67760,2023-04-16T00:33,-6300,35700
94,2836481,5,279000,0,99.0,87,2023-04-16T00:33,0,279000
95,2723218,6,47900,109000,97.0,2597,2023-04-16T00:33,0,47900
96,2329532,7,119200,149000,97.0,4024,2023-04-16T00:33,-11920,107280
97,1790383,8,59000,86000,95.0,5707,2023-04-16T00:33,-8850,50150
98,3012082,9,59900,79000,97.0,1113,2023-04-16T00:33,0,59900
99,1283757,10,75490,83900,96.0,26789,2023-04-16T00:33,0,75490
100,3010527,11,237150,279000,97.0,252,2023-04-16T00:33,0,237150
101,1618312,12,67090,83900,97.0,7216,2023-04-16T00:33,0,67090
102,2471405,13,89000,138000,97.0,2149,2023-04-16T00:33,-8900,80100
103,2020732,14,70900,89000,95.0,887,2023-04-16T00:33,0,70900
104,1530517,15,69900,79000,96.0,2167,2023-04-16T00:33,0,69900
105,2061715,16,83900,105000,97.0,2777,2023-04-16T00:33,0,83900
106,1776552,17,59000,69000,94.0,6203,2023-04-16T00:33,-8850,50150
107,1108007,18,79900,0,95.0,47955,2023-04-16T00:33,0,79900
108,1576700,19,89000,129000,97.0,16985,2023-04-16T00:33,-13350,75650
109,3100493,20,139000,0,97.0,58,2023-04-16T00:33,0,139000
110,1778408,21,42000,45000,95.0,11810,2023-04-16T00:33,-6300,35700
111,2752332,22,94700,105300,95.0,2654,2023-04-16T00:33,-14205,80495
112,2064545,23,59800,94000,97.0,11287,2023-04-16T00:33,-2990,56810
113,1760177,24,139200,174000,97.0,354,2023-04-16T00:33,-20880,118320
114,1620285,25,299000,0,97.0,174,2023-04-16T00:33,0,299000
115,2343198,26,119000,129000,97.0,5123,2023-04-16T00:33,0,119000
116,3047197,27,103550,109000,97.0,58,2023-04-16T00:33,-20710,82840
117,1530516,28,69900,79000,96.0,2415,2023-04-16T00:33,0,69900
118,2732486,29,109000,179000,98.0,762,2023-04-16T00:33,-10900,98100
119,1776365,30,53400,89000,96.0,4645,2023-04-16T00:33,0,53400
120,1751722,31,53910,59900,97.0,3460,2023-04-16T00:33,-10782,43128
121,3033224,32,59900,74000,97.0,764,2023-04-16T00:33,0,59900
122,3100462,33,259000,0,100.0,7,2023-04-16T00:33,-38850,220150
123,3125671,34,148000,0,98.0,21,2023-04-16T00:33,0,148000
124,2668986,35,35910,39900,96.0,3613,2023-04-16T00:33,-5387,30523
125,2718413,36,126650,149000,97.0,1464,2023-04-16T00:33,0,126650
126,2723216,37,69900,109000,97.0,1160,2023-04-16T00:33,-10485,59415
127,2444808,38,83900,0,97.0,703,2023-04-16T00:33,0,83900
128,1291017,39,67900,96000,95.0,13108,2023-04-16T00:33,0,67900
129,1139192,40,71100,94900,97.0,14462,2023-04-16T00:33,-10665,60435
130,2375909,41,80890,89900,98.0,1591,2023-04-16T00:33,0,80890
131,2715055,42,159000,189000,97.0,2035,2023-04-16T00:33,0,159000
132,2837405,43,162000,0,99.0,34,2023-04-16T00:33,0,162000
133,1195307,44,92700,103000,96.0,12716,2023-04-16T00:33,-13905,78795
134,1558683,45,81900,0,97.0,6271,2023-04-16T00:33,0,81900
135,3096456,46,133200,148000,97.0,41,2023-04-16T00:33,-19980,113220
136,1873073,47,75490,83900,97.0,4089,2023-04-16T00:33,0,75490
137,3092695,48,179000,0,97.0,34,2023-04-16T00:33,0,179000
138,3039655,49,69700,83000,96.0,616,2023-04-16T00:33,-10455,59245
139,3092698,50,179000,0,98.0,60,2023-04-16T00:33,0,179000
140,2779952,51,279000,0,96.0,195,2023-04-16T00:33,0,279000
141,1776550,52,59000,69000,94.0,4175,2023-04-16T00:33,-8850,50150
142,3055246,53,159000,0,97.0,77,2023-04-16T00:33,0,159000
143,3061903,54,179000,0,98.0,17,2023-04-16T00:33,0,179000
144,3048143,55,163800,182000,96.0,465,2023-04-16T00:33,-24570,139230
145,2712632,56,107000,0,97.0,1383,2023-04-16T00:33,0,107000
146,946995,57,106250,125000,94.0,2889,2023-04-16T00:33,-15938,90312
147,1737051,58,62300,89000,96.0,5147,2023-04-16T00:33,0,62300
148,2329533,59,119200,149000,97.0,1414,2023-04-16T00:33,-11920,107280
149,2890926,60,79200,99000,98.0,91,2023-04-16T00:33,0,79200
150,727847,61,60500,159000,93.0,10936,2023-04-16T00:33,-9075,51425
151,3092776,62,139900,0,0.0,0,2023-04-16T00:33,-20985,118915
152,1344311,63,239000,0,95.0,429,2023-04-16T00:33,0,239000
153,3046893,64,245700,289000,98.0,12,2023-04-16T00:33,-49140,196560
154,2343199,65,119000,129000,98.0,1865,2023-04-16T00:33,0,119000
155,2688307,66,840000,1650000,0.0,0,2023-04-16T00:33,-20000,820000
156,2749952,67,103550,109000,97.0,353,2023-04-16T00:33,-20710,82840
157,1576682,68,245000,339000,97.0,8645,2023-04-16T00:33,-36750,208250
158,2788216,69,146000,159000,98.0,149,2023-04-16T00:33,0,146000
159,3140186,70,379000,0,94.0,11,2023-04-16T00:33,-56850,322150
160,3037473,71,69900,85900,96.0,279,2023-04-16T00:33,-10485,59415
161,2699160,72,179000,0,96.0,105,2023-04-16T00:33,0,179000
162,2701889,73,58200,97000,95.0,4305,2023-04-16T00:33,-8730,49470
163,1776549,74,59000,69000,94.0,4638,2023-04-16T00:33,-8850,50150
164,2288426,75,69000,109000,94.0,851,2023-04-16T00:33,-10350,58650
165,2857983,76,151200,189000,95.0,270,2023-04-16T00:33,-22680,128520
166,2159724,77,29900,32000,95.0,2378,2023-04-16T00:33,0,29900
167,3025211,78,44900,69000,97.0,249,2023-04-16T00:33,-2245,42655
168,1337096,79,69900,0,97.0,3015,2023-04-16T00:33,0,69900
169,2932943,80,184800,308000,94.0,10,2023-04-16T00:33,-36960,147840
170,2670700,81,268200,298000,98.0,1221,2023-04-16T00:33,-40230,227970
171,3037472,82,69900,85900,98.0,187,2023-04-16T00:33,-10485,59415
172,2110493,83,389000,0,96.0,648,2023-04-16T00:33,0,389000
173,2572705,84,168300,198000,96.0,68,2023-04-16T00:33,-25245,143055
174,3196694,85,179000,0,0.0,0,2023-04-16T00:33,-8950,170050
175,3029811,86,63200,79000,97.0,278,2023-04-16T00:33,0,63200
176,1760178,87,139200,174000,96.0,227,2023-04-16T00:33,-20880,118320
177,3072939,88,163200,204000,100.0,16,2023-04-16T00:33,-32640,130560
178,965917,89,71890,79900,95.0,13103,2023-04-16T00:33,0,71890
179,3209864,90,89000,111500,95.0,4,2023-04-16T00:33,-4450,84550
180,1551840,1,35100,39000,97.0,84255,2023-04-16T00:33,0,35100
181,2112059,2,36400,0,97.0,43557,2023-04-16T00:33,-5460,30940
182,1149329,3,39900,0,96.0,86516,2023-04-16T00:33,0,39900
183,750908,4,35900,54000,96.0,84505,2023-04-16T00:33,0,35900
184,2060719,5,55200,69000,96.0,5374,2023-04-16T00:33,0,55200
185,2060717,6,55200,69000,95.0,3966,2023-04-16T00:33,0,55200
186,1168906,7,41900,0,97.0,71460,2023-04-16T00:33,0,41900
187,1370101,8,39000,89000,96.0,23270,2023-04-16T00:33,-1950,37050
188,2112061,9,36400,0,97.0,14971,2023-04-16T00:33,-5460,30940
189,1436504,10,41900,0,95.0,9268,2023-04-16T00:33,0,41900
190,1568057,11,49600,62000,96.0,22576,2023-04-16T00:33,-7440,42160
191,2092852,12,42000,52800,96.0,11386,2023-04-16T00:33,0,42000
192,1149328,13,39900,0,96.0,94732,2023-04-16T00:33,0,39900
193,1926048,14,32000,0,97.0,14884,2023-04-16T00:33,0,32000
194,3141395,15,49900,73900,97.0,217,2023-04-16T00:33,-4990,44910
195,2706287,16,29000,54000,95.0,3990,2023-04-16T00:33,0,29000
196,1551839,17,39000,0,97.0,23805,2023-04-16T00:33,0,39000
197,1924274,18,49900,66000,95.0,22661,2023-04-16T00:33,0,49900
198,1323090,19,64400,92000,96.0,6045,2023-04-16T00:33,-12880,51520
199,2060720,20,55200,69000,95.0,2656,2023-04-16T00:33,0,55200
200,2789091,21,79200,99000,97.0,887,2023-04-16T00:33,-11880,67320
201,3043508,22,71200,89000,97.0,179,2023-04-16T00:33,0,71200
202,858911,23,39000,49000,95.0,67175,2023-04-16T00:33,-5850,33150
203,2789111,24,79200,99000,97.0,941,2023-04-16T00:33,-11880,67320
204,2351467,25,39800,54000,96.0,6503,2023-04-16T00:33,-5970,33830
205,1573215,26,133200,148000,98.0,9396,2023-04-16T00:33,-19980,113220
206,1736085,27,39900,59800,96.0,37121,2023-04-16T00:33,0,39900
207,2723714,28,52000,58000,96.0,1672,2023-04-16T00:33,0,52000
208,3175685,29,69800,110000,96.0,56,2023-04-16T00:33,-6980,62820
209,2837340,30,53000,59000,96.0,896,2023-04-16T00:33,-10600,42400
210,2744549,31,49600,62000,97.0,5292,2023-04-16T00:33,-7440,42160
211,2028327,32,49900,0,97.0,9292,2023-04-16T00:33,0,49900
212,2028326,33,49900,0,97.0,6341,2023-04-16T00:33,0,49900
213,2184087,34,49000,89000,96.0,4181,2023-04-16T00:33,-2450,46550
214,2503134,35,31300,52800,96.0,5371,2023-04-16T00:33,0,31300
215,3098372,36,82000,139000,97.0,1014,2023-04-16T00:33,0,82000
216,1436218,37,25900,68000,95.0,19405,2023-04-16T00:33,0,25900
217,2060759,38,59800,74800,97.0,7343,2023-04-16T00:33,0,59800
218,1552753,39,74100,78000,97.0,28294,2023-04-16T00:33,-11115,62985
219,1854665,40,139000,0,97.0,1118,2023-04-16T00:33,0,139000
220,883004,41,69900,89000,94.0,9507,2023-04-16T00:33,0,69900
221,3062147,42,99000,149000,98.0,63,2023-04-16T00:33,0,99000
222,3031690,43,128000,0,93.0,186,2023-04-16T00:33,0,128000
223,1222184,44,41900,0,97.0,48597,2023-04-16T00:33,0,41900
224,2562527,45,29400,42000,97.0,4156,2023-04-16T00:33,-4410,24990
225,1826978,46,79000,0,96.0,7055,2023-04-16T00:33,-7900,71100
226,3049798,47,96800,121000,97.0,90,2023-04-16T00:33,-19360,77440
227,2503133,48,42000,52800,96.0,3157,2023-04-16T00:33,0,42000
228,1440874,49,39900,0,95.0,15185,2023-04-16T00:33,0,39900
229,1985223,50,39000,89000,96.0,1708,2023-04-16T00:33,-1950,37050
230,1885631,51,39000,49000,96.0,23835,2023-04-16T00:33,-5850,33150
231,2032901,52,39900,0,97.0,6970,2023-04-16T00:33,0,39900
232,2124896,53,98000,0,98.0,740,2023-04-16T00:33,-14700,83300
233,1627892,54,43900,0,97.0,11215,2023-04-16T00:33,0,43900
234,1568032,55,49600,62000,96.0,6254,2023-04-16T00:33,-7440,42160
235,2569078,56,79000,0,96.0,2484,2023-04-16T00:33,0,79000
236,3107634,57,60775,71500,98.0,22,2023-04-16T00:33,-9117,51658
237,3047822,58,116100,129000,99.0,99,2023-04-16T00:33,-23220,92880
238,3188763,59,156000,0,98.0,11,2023-04-16T00:33,0,156000
239,3029548,60,379000,0,100.0,2,2023-04-16T00:33,-37900,341100
240,890521,61,39800,63000,94.0,11284,2023-04-16T00:33,0,39800
241,2060743,62,33000,55000,95.0,3651,2023-04-16T00:33,0,33000
242,1759490,63,89100,99000,96.0,7339,2023-04-16T00:33,-13365,75735
243,2578996,64,39900,59000,95.0,4740,2023-04-16T00:33,-5985,33915
244,2495075,65,49800,72000,95.0,12106,2023-04-16T00:33,-7470,42330
245,1803221,66,81800,109000,97.0,1579,2023-04-16T00:33,-16360,65440
246,1595607,67,57900,89000,97.0,5791,2023-04-16T00:33,-11580,46320
247,1324127,68,28790,33900,96.0,13859,2023-04-16T00:33,0,28790
248,1212777,69,25490,31900,96.0,21835,2023-04-16T00:33,0,25490
249,1555407,70,74100,78000,97.0,11701,2023-04-16T00:33,-11115,62985
250,2131950,71,39000,49000,96.0,4040,2023-04-16T00:33,-5850,33150
251,1477272,72,44200,68000,96.0,17974,2023-04-16T00:33,-2210,41990
252,3039451,73,41300,70100,96.0,624,2023-04-16T00:33,0,41300
253,1246215,74,49000,65000,96.0,6367,2023-04-16T00:33,-9800,39200
254,3051674,75,49900,0,100.0,1,2023-04-16T00:33,-4990,44910
255,2150457,76,119250,159000,97.0,3984,2023-04-16T00:33,-17888,101362
256,3022892,77,39000,49000,96.0,466,2023-04-16T00:33,-5850,33150
257,2587375,78,78200,92000,97.0,167,2023-04-16T00:33,-15640,62560
258,2817384,79,59000,99000,98.0,187,2023-04-16T00:33,0,59000
259,2028329,80,49900,0,96.0,6621,2023-04-16T00:33,0,49900
260,3054704,81,87300,97000,99.0,53,2023-04-16T00:33,0,87300
261,1100326,82,57900,89000,95.0,37042,2023-04-16T00:33,-11580,46320
262,1224095,83,35890,39900,97.0,24563,2023-04-16T00:33,0,35890
263,3091296,84,129000,0,96.0,94,2023-04-16T00:33,0,129000
264,1212776,85,28690,31900,96.0,23547,2023-04-16T00:33,0,28690
265,3070909,86,139000,0,98.0,14,2023-04-16T00:33,0,139000
266,3129951,87,29800,49800,100.0,15,2023-04-16T00:33,0,29800
267,3037629,88,134100,149000,97.0,110,2023-04-16T00:33,-26820,107280
268,1960424,89,49500,59000,95.0,1239,2023-04-16T00:33,-7425,42075
269,1403480,90,77000,98000,97.0,7782,2023-04-16T00:33,0,77000
270,1034480,1,135000,150000,97.0,18205,2023-04-16T00:33,0,135000
271,2789785,2,116920,148000,97.0,657,2023-04-16T00:33,-11692,105228
272,2702033,3,127200,159000,97.0,437,2023-04-16T00:33,0,127200
273,1789507,4,79000,0,98.0,26081,2023-04-16T00:33,0,79000
274,3192309,5,93220,118000,98.0,103,2023-04-16T00:33,-9322,83898
275,2789787,6,116920,148000,96.0,363,2023-04-16T00:33,-11692,105228
276,1969507,7,88000,0,98.0,5493,2023-04-16T00:33,0,88000
277,1842449,8,84000,99000,97.0,5464,2023-04-16T00:33,-16800,67200
278,2777025,9,308000,485000,100.0,53,2023-04-16T00:33,-20000,288000
279,1835080,10,98000,0,97.0,2875,2023-04-16T00:33,0,98000
280,1960578,11,47200,59000,97.0,86,2023-04-16T00:33,0,47200
281,2344538,12,119000,0,98.0,6486,2023-04-16T00:33,0,119000
282,3101111,13,152150,179000,96.0,49,2023-04-16T00:33,0,152150
283,2789786,14,124820,158000,98.0,247,2023-04-16T00:33,-12482,112338
284,3161264,15,98100,109000,98.0,46,2023-04-16T00:33,-19620,78480
285,2770508,16,138000,0,97.0,360,2023-04-16T00:33,0,138000
286,1264107,17,65000,90000,97.0,6447,2023-04-16T00:33,-9750,55250
287,2344540,18,96000,0,98.0,9339,2023-04-16T00:33,0,96000
288,2789784,19,124820,158000,97.0,190,2023-04-16T00:33,-12482,112338
289,913402,20,83300,98000,95.0,8079,2023-04-16T00:33,-16660,66640
290,2558648,21,119000,0,98.0,1314,2023-04-16T00:33,0,119000
291,2422175,22,145800,162000,98.0,221,2023-04-16T00:33,-21870,123930
292,2066837,23,79000,119000,97.0,6575,2023-04-16T00:33,-11850,67150
293,2320927,24,39000,51000,97.0,2266,2023-04-16T00:33,0,39000
294,2810073,25,1624000,2490000,100.0,3,2023-04-16T00:33,-20000,1604000
295,3216143,26,39900,49600,100.0,5,2023-04-16T00:33,-5985,33915
296,2967338,27,280000,470000,97.0,27,2023-04-16T00:33,-20000,260000
297,1969488,28,88000,0,98.0,1791,2023-04-16T00:33,0,88000
298,2856863,29,1416000,2167000,0.0,0,2023-04-16T00:33,-20000,1396000
299,3034751,30,64800,72000,97.0,552,2023-04-16T00:33,0,64800
300,342189,31,39500,52000,95.0,15818,2023-04-16T00:33,0,39500
301,2271789,32,71100,79000,97.0,2570,2023-04-16T00:33,0,71100
302,1564343,33,92800,119000,98.0,8134,2023-04-16T00:33,-13920,78880
303,2810069,34,995950,2721000,100.0,3,2023-04-16T00:33,-20000,975950
304,3047568,35,109650,129000,96.0,84,2023-04-16T00:33,-10965,98685
305,2902045,36,298000,485000,98.0,36,2023-04-16T00:33,-20000,278000
306,3034749,37,64800,72000,97.0,496,2023-04-16T00:33,0,64800
307,3045584,38,130500,145000,97.0,3794,2023-04-16T00:33,0,130500
308,3034745,39,75600,84000,97.0,195,2023-04-16T00:33,0,75600
309,693318,40,79000,110000,96.0,13227,2023-04-16T00:33,-11850,67150
310,2630526,41,100000,0,96.0,670,2023-04-16T00:33,-5000,95000
311,3216131,42,39900,49600,100.0,2,2023-04-16T00:33,-5985,33915
312,1910358,43,89100,99000,98.0,2515,2023-04-16T00:33,-13365,75735
313,2558602,44,96000,0,98.0,609,2023-04-16T00:33,0,96000
314,3038000,45,74700,83000,96.0,448,2023-04-16T00:33,-11205,63495
315,2408317,46,145800,162000,96.0,405,2023-04-16T00:33,0,145800
316,1758217,47,43900,56000,97.0,13204,2023-04-16T00:33,-2195,41705
317,2902213,48,368000,599000,97.0,17,2023-04-16T00:33,-20000,348000
318,1323612,49,238000,0,97.0,3848,2023-04-16T00:33,0,238000
319,2979861,50,1042000,1430000,100.0,7,2023-04-16T00:33,-20000,1022000
320,2744332,51,139920,159000,98.0,209,2023-04-16T00:33,-6996,132924
321,1263004,52,159000,0,97.0,5271,2023-04-16T00:33,0,159000
322,1736022,53,150400,188000,95.0,454,2023-04-16T00:33,0,150400
323,3028885,54,139920,159000,97.0,26,2023-04-16T00:33,-6996,132924
324,1576725,55,137000,197000,97.0,5256,2023-04-16T00:33,-20550,116450
325,1597319,56,89100,99000,97.0,613,2023-04-16T00:33,-4455,84645
326,2992117,57,1001000,1230900,100.0,1,2023-04-16T00:33,-20000,981000
327,3161263,58,98100,109000,100.0,23,2023-04-16T00:33,-19620,78480
328,2657250,59,125400,149000,97.0,137,2023-04-16T00:33,0,125400
329,1744983,60,127000,197000,97.0,769,2023-04-16T00:33,-19050,107950
330,1247560,61,79000,0,96.0,4289,2023-04-16T00:33,0,79000
331,3061969,62,89000,0,96.0,47,2023-04-16T00:33,0,89000
332,1581689,63,75600,89000,97.0,4044,2023-04-16T00:33,0,75600
333,1745100,64,103500,109000,97.0,1025,2023-04-16T00:33,0,103500
334,1749492,65,89100,99000,98.0,3888,2023-04-16T00:33,0,89100
335,2345796,66,960000,1580000,100.0,11,2023-04-16T00:33,-20000,940000
336,3029926,67,285000,0,99.0,64,2023-04-16T00:33,0,285000
337,2105328,68,55300,79000,97.0,535,2023-04-16T00:33,-8295,47005
338,1528287,69,46500,49000,96.0,4682,2023-04-16T00:33,0,46500
339,1090160,70,99000,0,97.0,1330,2023-04-16T00:33,0,99000
340,2664933,71,90000,0,96.0,369,2023-04-16T00:33,-4500,85500
341,3182352,72,119000,0,94.0,7,2023-04-16T00:33,-23800,95200
342,2343665,73,89000,0,97.0,4697,2023-04-16T00:33,0,89000
343,3070516,74,138000,0,96.0,30,2023-04-16T00:33,0,138000
344,3082387,75,139000,0,98.0,150,2023-04-16T00:33,-13900,125100
345,2002697,76,76000,0,97.0,3514,2023-04-16T00:33,0,76000
346,1534526,77,52200,55000,97.0,2491,2023-04-16T00:33,0,52200
347,2911055,78,832000,1340000,100.0,17,2023-04-16T00:33,-20000,812000
348,3024801,79,138000,0,100.0,26,2023-04-16T00:33,0,138000
349,2279619,80,71200,89000,97.0,482,2023-04-16T00:33,0,71200
350,3206841,81,158000,0,0.0,0,2023-04-16T00:33,0,158000
351,2679537,82,145800,162000,96.0,122,2023-04-16T00:33,0,145800
352,2348771,83,824000,1050000,100.0,2,2023-04-16T00:33,-20000,804000
353,2851290,84,58900,119000,96.0,76,2023-04-16T00:33,0,58900
354,2514819,85,59000,66000,97.0,878,2023-04-16T00:33,0,59000
355,2930265,86,91000,0,97.0,618,2023-04-16T00:33,0,91000
356,2537631,87,388000,0,100.0,24,2023-04-16T00:33,-38800,349200
357,1744101,88,103500,109000,98.0,2982,2023-04-16T00:33,0,103500
358,2993947,89,100000,0,96.0,164,2023-04-16T00:33,-5000,95000
359,2537633,90,388000,0,97.0,27,2023-04-16T00:33,-38800,349200
360,1762406,1,260000,0,98.0,3446,2023-04-16T00:33,0,260000
361,969541,2,69000,0,97.0,29934,2023-04-16T00:33,0,69000
362,2545799,3,149000,0,98.0,2245,2023-04-16T00:33,0,149000
363,1762407,4,260000,0,97.0,3392,2023-04-16T00:33,0,260000
364,1622068,5,119000,0,97.0,6753,2023-04-16T00:33,0,119000
365,3026310,6,99000,0,99.0,791,2023-04-16T00:33,0,99000
366,2293400,7,129000,0,96.0,1048,2023-04-16T00:33,0,129000
367,490136,8,56900,95000,98.0,2500,2023-04-16T00:33,0,56900
368,810034,9,85500,95000,97.0,45351,2023-04-16T00:33,0,85500
369,1955217,10,69000,109000,96.0,5238,2023-04-16T00:33,-13800,55200
370,695334,11,63900,99000,96.0,9497,2023-04-16T00:33,0,63900
371,2731878,12,44900,79000,97.0,1810,2023-04-16T00:33,0,44900
372,1622069,13,119000,0,98.0,5912,2023-04-16T00:33,0,119000
373,2638067,14,99000,139000,97.0,3206,2023-04-16T00:33,0,99000
374,311052,15,53100,59000,97.0,41343,2023-04-16T00:33,0,53100
375,2233180,16,75900,109000,97.0,14303,2023-04-16T00:33,0,75900
376,2320478,17,129000,0,97.0,551,2023-04-16T00:33,0,129000
377,2855992,18,159000,0,97.0,597,2023-04-16T00:33,0,159000
378,490135,19,59900,95000,98.0,3392,2023-04-16T00:33,0,59900
379,2785168,20,179000,0,96.0,57,2023-04-16T00:33,0,179000
380,3091287,21,119000,0,98.0,360,2023-04-16T00:33,0,119000
381,2670201,22,39900,109000,97.0,914,2023-04-16T00:33,0,39900
382,1900410,23,129000,0,97.0,4944,2023-04-16T00:33,0,129000
383,2565212,24,119000,0,99.0,435,2023-04-16T00:33,0,119000
384,3030422,25,139000,0,96.0,903,2023-04-16T00:33,0,139000
385,1478592,26,59900,95000,97.0,3100,2023-04-16T00:33,0,59900
386,2161992,27,55900,95000,97.0,3422,2023-04-16T00:33,0,55900
387,1231944,28,119000,0,97.0,1363,2023-04-16T00:33,0,119000
388,3172975,29,260000,0,96.0,10,2023-04-16T00:33,0,260000
389,3079037,30,195000,0,97.0,288,2023-04-16T00:33,0,195000
390,2530875,31,39900,109000,96.0,1642,2023-04-16T00:33,0,39900
391,816033,32,57900,89000,96.0,13385,2023-04-16T00:33,0,57900
392,1868015,33,129000,0,97.0,1962,2023-04-16T00:33,0,129000
393,1296778,34,99000,0,98.0,2170,2023-04-16T00:33,0,99000
394,1493265,35,85500,95000,98.0,4973,2023-04-16T00:33,0,85500
395,810033,36,89100,99000,97.0,34324,2023-04-16T00:33,0,89100
396,2777033,37,477000,815000,93.0,19,2023-04-16T00:33,-30000,447000
397,186610,38,75900,85000,97.0,16664,2023-04-16T00:33,0,75900
398,2239046,39,306000,0,98.0,263,2023-04-16T00:33,0,306000
399,2622254,40,109000,0,98.0,947,2023-04-16T00:33,0,109000
400,810032,41,85500,95000,97.0,13788,2023-04-16T00:33,0,85500
401,181907,42,89900,119000,97.0,7191,2023-04-16T00:33,0,89900
402,716244,43,54900,95000,98.0,1312,2023-04-16T00:33,0,54900
403,2801304,44,414000,700000,98.0,195,2023-04-16T00:33,-30000,384000
404,577636,45,99900,139000,95.0,31259,2023-04-16T00:33,0,99900
405,1354129,46,69000,99000,95.0,8749,2023-04-16T00:33,-13800,55200
406,311050,47,53100,59000,97.0,9096,2023-04-16T00:33,0,53100
407,2631192,48,98100,109000,98.0,416,2023-04-16T00:33,0,98100
408,490134,49,55900,95000,97.0,2052,2023-04-16T00:33,0,55900
409,3200836,50,179000,0,96.0,42,2023-04-16T00:33,0,179000
410,2691016,51,306000,0,98.0,203,2023-04-16T00:33,0,306000
411,1473136,52,119900,149000,97.0,10809,2023-04-16T00:33,0,119900
412,1492897,53,55900,75000,96.0,3191,2023-04-16T00:33,0,55900
413,2670200,54,39900,109000,97.0,1161,2023-04-16T00:33,0,39900
414,2741233,55,109000,0,97.0,2787,2023-04-16T00:33,0,109000
415,1494180,56,71100,79000,95.0,5286,2023-04-16T00:33,0,71100
416,3033248,57,109000,0,97.0,679,2023-04-16T00:33,0,109000
417,2239045,58,306000,0,96.0,138,2023-04-16T00:33,0,306000
418,1296776,59,99000,0,98.0,2969,2023-04-16T00:33,0,99000
419,2638808,60,139000,0,97.0,765,2023-04-16T00:33,0,139000
420,102620,61,69000,0,97.0,17983,2023-04-16T00:33,0,69000
421,2355071,62,265000,0,98.0,532,2023-04-16T00:33,0,265000
422,2737457,63,230000,0,98.0,485,2023-04-16T00:33,0,230000
423,3096431,64,139000,0,99.0,65,2023-04-16T00:33,0,139000
424,2068678,65,129000,0,96.0,940,2023-04-16T00:33,0,129000
425,2267008,66,89100,99000,98.0,533,2023-04-16T00:33,0,89100
426,2554105,67,39900,109000,96.0,743,2023-04-16T00:33,0,39900
427,2786814,68,149000,0,97.0,212,2023-04-16T00:33,0,149000
428,2970197,69,59900,79000,98.0,265,2023-04-16T00:33,0,59900
429,2312772,70,69900,139800,96.0,1420,2023-04-16T00:33,-13980,55920
430,3091279,71,129000,0,98.0,84,2023-04-16T00:33,0,129000
431,3024528,72,132050,139000,95.0,113,2023-04-16T00:33,0,132050
432,1729744,73,76500,85000,97.0,3387,2023-04-16T00:33,0,76500
433,311051,74,58500,65000,97.0,19624,2023-04-16T00:33,0,58500
434,1900420,75,129000,0,96.0,1518,2023-04-16T00:33,0,129000
435,2778805,76,99000,0,97.0,1049,2023-04-16T00:33,0,99000
436,1608838,77,62900,85000,97.0,12670,2023-04-16T00:33,0,62900
437,3188621,78,119000,0,0.0,0,2023-04-16T00:33,0,119000
438,2673444,79,49900,149000,95.0,401,2023-04-16T00:33,0,49900
439,1594352,80,62900,85000,97.0,5605,2023-04-16T00:33,0,62900
440,2440110,81,59900,0,97.0,1162,2023-04-16T00:33,-11980,47920
441,2827950,82,1056000,1445000,98.0,23,2023-04-16T00:33,-30000,1026000
442,2712601,83,99000,0,99.0,93,2023-04-16T00:33,0,99000
443,1739446,84,109900,129000,97.0,830,2023-04-16T00:33,0,109900
444,2752946,85,69000,109000,98.0,224,2023-04-16T00:33,-13800,55200
445,2839680,86,44900,89000,97.0,408,2023-04-16T00:33,0,44900
446,2827286,87,481000,815000,100.0,3,2023-04-16T00:33,-30000,451000
447,2030626,88,103500,115000,97.0,8056,2023-04-16T00:33,0,103500
448,1955210,89,69000,109000,95.0,1562,2023-04-16T00:33,-13800,55200
449,1130307,90,109000,0,97.0,6083,2023-04-16T00:33,0,109000
450,1092992,1,69000,0,97.0,38159,2023-04-16T00:33,0,69000
451,3134606,2,125100,139000,98.0,18,2023-04-16T00:33,-6255,118845
452,1334438,3,170000,0,96.0,4428,2023-04-16T00:33,0,170000
453,1568047,4,159000,0,95.0,12040,2023-04-16T00:33,-31800,127200
454,3124961,5,62100,69000,98.0,202,2023-04-16T00:33,-3105,58995
455,2378989,6,159000,0,96.0,32,2023-04-16T00:33,-31800,127200
456,3062046,7,78300,87000,97.0,197,2023-04-16T00:33,-3915,74385
457,3161736,8,55300,158000,99.0,223,2023-04-16T00:33,-11060,44240
458,3223241,9,119000,0,100.0,2,2023-04-16T00:33,0,119000
459,3192443,10,77420,98000,97.0,114,2023-04-16T00:33,-7742,69678
460,2430426,11,169000,0,98.0,757,2023-04-16T00:33,0,169000
461,2383245,12,99000,0,98.0,849,2023-04-16T00:33,-19800,79200
462,595039,13,210000,0,97.0,3539,2023-04-16T00:33,0,210000
463,3134621,14,136800,152000,95.0,19,2023-04-16T00:33,-6840,129960
464,1720822,15,209000,0,97.0,308,2023-04-16T00:33,-10450,198550
465,3061996,16,88200,98000,98.0,133,2023-04-16T00:33,-4410,83790
466,3075621,17,339000,0,98.0,88,2023-04-16T00:33,0,339000
467,2091749,18,80100,89000,95.0,6305,2023-04-16T00:33,0,80100
468,2736221,19,104500,110000,96.0,288,2023-04-16T00:33,0,104500
469,1720813,20,149000,0,97.0,490,2023-04-16T00:33,-7450,141550
470,2101924,21,99900,0,97.0,1401,2023-04-16T00:33,0,99900
471,2432733,22,44900,59000,97.0,2905,2023-04-16T00:33,0,44900
472,1129750,23,69000,0,97.0,3961,2023-04-16T00:33,0,69000
473,2433538,24,84660,102000,96.0,2443,2023-04-16T00:33,0,84660
474,1724193,25,251900,280000,98.0,1484,2023-04-16T00:33,0,251900
475,2910082,26,265500,295000,98.0,506,2023-04-16T00:33,0,265500
476,2816812,27,119900,0,93.0,1556,2023-04-16T00:33,0,119900
477,3134563,28,88200,98000,91.0,12,2023-04-16T00:33,-4410,83790
478,595040,29,210000,0,95.0,8750,2023-04-16T00:33,0,210000
479,3062069,30,71100,79000,97.0,84,2023-04-16T00:33,-3555,67545
480,2355318,31,109900,0,96.0,661,2023-04-16T00:33,0,109900
481,1890398,32,138000,168000,96.0,2761,2023-04-16T00:33,-13800,124200
482,2932354,33,990000,0,0.0,0,2023-04-16T00:33,-20000,970000
483,1699941,34,75050,79000,97.0,4909,2023-04-16T00:33,-11258,63792
484,2875391,35,161000,606000,96.0,20,2023-04-16T00:33,-16100,144900
485,3142574,36,132300,189000,0.0,0,2023-04-16T00:33,0,132300
486,3124959,37,52200,58000,98.0,53,2023-04-16T00:33,-2610,49590
487,2910086,38,265500,295000,98.0,213,2023-04-16T00:33,0,265500
488,2735953,39,207000,230000,98.0,441,2023-04-16T00:33,0,207000
489,2379000,40,159000,0,97.0,118,2023-04-16T00:33,-31800,127200
490,3142573,41,132300,189000,0.0,0,2023-04-16T00:33,0,132300
491,3143034,42,31700,79000,98.0,36,2023-04-16T00:33,-6340,25360
492,1562988,43,260000,0,97.0,1483,2023-04-16T00:33,0,260000
493,2032683,44,210000,0,96.0,182,2023-04-16T00:33,0,210000
494,626636,45,260000,0,96.0,1113,2023-04-16T00:33,0,260000
495,2940848,46,776000,1190000,100.0,2,2023-04-16T00:33,-20000,756000
496,3024585,47,59000,0,97.0,149,2023-04-16T00:33,-8850,50150
497,2621831,48,71760,92000,95.0,753,2023-04-16T00:33,-10764,60996
498,1010925,49,170000,0,96.0,2089,2023-04-16T00:33,0,170000
499,3045292,50,73800,82000,97.0,47,2023-04-16T00:33,-3690,70110
500,1891201,51,155000,0,98.0,220,2023-04-16T00:33,-7750,147250
501,2624538,52,40900,59000,97.0,1531,2023-04-16T00:33,0,40900
502,3223186,53,119000,0,0.0,0,2023-04-16T00:33,0,119000
503,3049313,54,57100,64900,97.0,706,2023-04-16T00:33,0,57100
504,1339622,55,42900,59000,97.0,16410,2023-04-16T00:33,0,42900
505,2395327,56,149000,0,97.0,548,2023-04-16T00:33,0,149000
506,1926895,57,44000,108000,93.0,4293,2023-04-16T00:33,-8800,35200
507,1438359,58,99000,0,97.0,1199,2023-04-16T00:33,0,99000
508,1995630,59,210000,0,97.0,143,2023-04-16T00:33,0,210000
509,2664372,60,65000,0,97.0,1089,2023-04-16T00:33,0,65000
510,2378994,61,159000,0,95.0,16,2023-04-16T00:33,-31800,127200
511,2440524,62,69000,0,97.0,1594,2023-04-16T00:33,0,69000
512,2237841,63,195000,0,98.0,66,2023-04-16T00:33,0,195000
513,1419869,64,70300,74000,95.0,10585,2023-04-16T00:33,-10545,59755
514,3018130,65,210000,0,97.0,9,2023-04-16T00:33,0,210000
515,3215382,66,129000,0,100.0,9,2023-04-16T00:33,-12900,116100
516,1439535,67,49000,0,96.0,16367,2023-04-16T00:33,0,49000
517,501198,68,139000,0,95.0,2752,2023-04-16T00:33,0,139000
518,1548618,69,152000,198000,96.0,3309,2023-04-16T00:33,-22800,129200
519,2664373,70,65000,0,97.0,1058,2023-04-16T00:33,0,65000
520,2435822,71,99000,0,97.0,275,2023-04-16T00:33,-19800,79200
521,2518112,72,87150,105000,96.0,991,2023-04-16T00:33,0,87150
522,1334442,73,190000,0,94.0,823,2023-04-16T00:33,0,190000
523,2816816,74,143890,159900,97.0,1887,2023-04-16T00:33,0,143890
524,1334813,75,134000,168000,95.0,1730,2023-04-16T00:33,-13400,120600
525,3142106,76,180000,0,100.0,3,2023-04-16T00:33,-9000,171000
526,2098793,77,89100,99000,96.0,1618,2023-04-16T00:33,0,89100
527,1010923,78,190000,0,95.0,376,2023-04-16T00:33,0,190000
528,2858618,79,485000,685000,94.0,18,2023-04-16T00:33,-20000,465000
529,3126912,80,159000,0,100.0,2,2023-04-16T00:33,-31800,127200
530,3045291,81,73800,82000,98.0,33,2023-04-16T00:33,-3690,70110
531,2690498,82,67150,79000,98.0,507,2023-04-16T00:33,-3358,63792
532,1815709,83,138000,168000,96.0,7149,2023-04-16T00:33,-13800,124200
533,2856857,84,705000,1495000,0.0,0,2023-04-16T00:33,-20000,685000
534,1439527,85,49000,0,95.0,13450,2023-04-16T00:33,0,49000
535,3172972,86,138000,0,100.0,8,2023-04-16T00:33,0,138000
536,2363570,87,39900,55000,97.0,1095,2023-04-16T00:33,0,39900
537,2114454,88,478000,0,97.0,117,2023-04-16T00:33,0,478000
538,2992149,89,303000,606000,0.0,0,2023-04-16T00:33,-20000,283000
539,2956233,90,642000,1327000,0.0,0,2023-04-16T00:33,-20000,622000
540,2356713,1,39000,0,97.0,1502,2023-04-16T00:33,-5850,33150
541,2134140,2,39000,0,97.0,3616,2023-04-16T00:33,-5850,33150
542,1920929,3,39000,0,97.0,4021,2023-04-16T00:33,-5850,33150
543,1214164,4,36000,0,96.0,25034,2023-04-16T00:33,0,36000
544,2356711,5,39000,0,98.0,1519,2023-04-16T00:33,-5850,33150
545,2280117,6,35100,39000,97.0,6411,2023-04-16T00:33,0,35100
546,2134158,7,39000,0,97.0,2541,2023-04-16T00:33,-5850,33150
547,1822717,8,56050,59000,97.0,4350,2023-04-16T00:33,0,56050
548,2879419,9,48900,55000,98.0,787,2023-04-16T00:33,-7335,41565
549,1272626,10,36000,0,96.0,14199,2023-04-16T00:33,0,36000
550,2356693,11,39000,0,97.0,1549,2023-04-16T00:33,-5850,33150
551,1771137,12,26100,29000,97.0,12618,2023-04-16T00:33,0,26100
552,1214109,13,36000,0,97.0,8166,2023-04-16T00:33,0,36000
553,1214174,14,36000,0,97.0,15092,2023-04-16T00:33,0,36000
554,1214173,15,36000,0,96.0,5595,2023-04-16T00:33,0,36000
555,1022013,16,79000,0,96.0,6286,2023-04-16T00:33,0,79000
556,2028240,17,39000,0,98.0,3366,2023-04-16T00:33,-5850,33150
557,1214316,18,36000,0,97.0,2001,2023-04-16T00:33,0,36000
558,1771132,19,26100,29000,96.0,5306,2023-04-16T00:33,0,26100
559,1022014,20,79000,0,96.0,11470,2023-04-16T00:33,0,79000
560,2879425,21,48900,55000,98.0,327,2023-04-16T00:33,-7335,41565
561,2123132,22,39000,0,97.0,6442,2023-04-16T00:33,-3900,35100
562,2864918,23,49000,0,99.0,146,2023-04-16T00:33,0,49000
563,2879417,24,48900,55000,98.0,218,2023-04-16T00:33,-7335,41565
564,1855444,25,39900,42000,97.0,3048,2023-04-16T00:33,-5985,33915
565,1214169,26,36000,0,97.0,5357,2023-04-16T00:33,0,36000
566,2286829,27,37000,0,95.0,5017,2023-04-16T00:33,-5550,31450
567,3012243,28,29900,39900,98.0,73,2023-04-16T00:33,-4485,25415
568,2329375,29,34710,39000,96.0,2114,2023-04-16T00:33,-3471,31239
569,1524720,30,36000,0,96.0,3406,2023-04-16T00:33,0,36000
570,2672186,31,20900,30000,96.0,610,2023-04-16T00:33,-2299,18601
571,2287131,32,37000,0,95.0,1704,2023-04-16T00:33,-5550,31450
572,1771133,33,26100,29000,97.0,5734,2023-04-16T00:33,0,26100
573,3225733,34,49000,0,100.0,3,2023-04-16T00:33,0,49000
574,2650964,35,48900,53000,98.0,200,2023-04-16T00:33,-7335,41565
575,2859190,36,37000,0,96.0,457,2023-04-16T00:33,-5550,31450
576,1214317,37,36000,0,97.0,11521,2023-04-16T00:33,0,36000
577,1907733,38,29900,39000,96.0,3878,2023-04-16T00:33,0,29900
578,2221221,39,35100,39000,96.0,1889,2023-04-16T00:33,0,35100
579,2507080,40,39000,0,98.0,424,2023-04-16T00:33,-5850,33150
580,2687157,41,45000,0,97.0,1075,2023-04-16T00:33,-6750,38250
581,1939301,42,39000,0,97.0,820,2023-04-16T00:33,-5850,33150
582,1214193,43,39000,0,97.0,15374,2023-04-16T00:33,0,39000
583,2089719,44,36000,0,97.0,2433,2023-04-16T00:33,0,36000
584,3038180,45,43700,46000,98.0,134,2023-04-16T00:33,-4370,39330
585,2650965,46,48900,53000,98.0,387,2023-04-16T00:33,-7335,41565
586,1920840,47,39000,0,98.0,1386,2023-04-16T00:33,-5850,33150
587,1760824,48,49700,59000,97.0,320,2023-04-16T00:33,0,49700
588,1335132,49,29000,0,95.0,1123,2023-04-16T00:33,0,29000
589,2107999,50,36000,0,97.0,2700,2023-04-16T00:33,0,36000
590,1907732,51,19900,39000,95.0,807,2023-04-16T00:33,0,19900
591,2980928,52,308000,490000,91.0,19,2023-04-16T00:33,-20000,288000
592,3225734,53,49000,0,0.0,0,2023-04-16T00:33,0,49000
593,2683883,54,69000,0,97.0,134,2023-04-16T00:33,0,69000
594,1925814,55,35100,39000,96.0,1687,2023-04-16T00:33,0,35100
595,2280146,56,35100,39000,97.0,943,2023-04-16T00:33,0,35100
596,2879422,57,48900,55000,98.0,31,2023-04-16T00:33,-7335,41565
597,2289281,58,28500,38000,96.0,893,2023-04-16T00:33,0,28500
598,3099783,59,57000,0,97.0,9,2023-04-16T00:33,0,57000
599,3142350,60,49000,0,100.0,19,2023-04-16T00:33,0,49000
600,3225735,61,49000,0,100.0,2,2023-04-16T00:33,0,49000
601,1014906,62,52000,0,96.0,491,2023-04-16T00:33,-7800,44200
602,2356692,63,39000,0,97.0,494,2023-04-16T00:33,-5850,33150
603,2727856,64,34400,43000,97.0,317,2023-04-16T00:33,-6880,27520
604,1214106,65,36000,0,96.0,9763,2023-04-16T00:33,0,36000
605,2928842,66,268200,298000,0.0,0,2023-04-16T00:33,0,268200
606,2507021,67,42000,0,96.0,413,2023-04-16T00:33,-6300,35700
607,3087776,68,19900,39000,95.0,14,2023-04-16T00:33,0,19900
608,2286799,69,37000,0,95.0,811,2023-04-16T00:33,-5550,31450
609,3039055,70,43000,0,95.0,49,2023-04-16T00:33,-6450,36550
610,2650966,71,48900,53000,97.0,187,2023-04-16T00:33,-7335,41565
611,1906772,72,39900,42000,97.0,3094,2023-04-16T00:33,-5985,33915
612,2134295,73,39000,0,97.0,420,2023-04-16T00:33,0,39000
613,1214171,74,36000,0,97.0,1726,2023-04-16T00:33,0,36000
614,1906773,75,39900,42000,97.0,670,2023-04-16T00:33,-5985,33915
615,1771121,76,26100,29000,96.0,2294,2023-04-16T00:33,0,26100
616,2716310,77,37000,0,96.0,174,2023-04-16T00:33,-5550,31450
617,1086824,78,29600,37000,95.0,18644,2023-04-16T00:33,0,29600
618,3226810,79,240000,0,0.0,0,2023-04-16T00:33,-12000,228000
619,3099126,80,54000,0,100.0,4,2023-04-16T00:33,0,54000
620,2921965,81,52000,0,98.0,185,2023-04-16T00:33,0,52000
621,2573131,82,39900,42000,98.0,715,2023-04-16T00:33,-5985,33915
622,2591291,83,39200,49000,97.0,1038,2023-04-16T00:33,0,39200
623,2879431,84,48900,55000,98.0,71,2023-04-16T00:33,-7335,41565
624,2384630,85,42000,0,98.0,773,2023-04-16T00:33,0,42000
625,2569069,86,37000,0,96.0,268,2023-04-16T00:33,-5550,31450
626,2697609,87,119000,0,0.0,0,2023-04-16T00:33,0,119000
627,1433907,88,29250,39000,93.0,1511,2023-04-16T00:33,0,29250
628,2108000,89,36000,0,97.0,542,2023-04-16T00:33,0,36000
629,2922264,90,52000,0,100.0,15,2023-04-16T00:33,0,52000
630,3083230,1,143100,159000,100.0,5,2023-04-16T00:33,-28620,114480
631,2457512,2,237300,339000,98.0,37,2023-04-16T00:33,0,237300
632,3008189,3,334000,478000,100.0,6,2023-04-16T00:33,-60120,273880
633,3031171,4,68000,0,98.0,58,2023-04-16T00:33,0,68000
634,3073259,5,196200,218000,100.0,5,2023-04-16T00:33,-35316,160884
635,3059119,6,161100,179000,91.0,26,2023-04-16T00:33,-28998,132102
636,3171883,7,149000,0,100.0,3,2023-04-16T00:33,0,149000
637,2478652,8,56500,68000,94.0,333,2023-04-16T00:33,-11300,45200
638,2753697,9,628350,1353000,100.0,1,2023-04-16T00:33,-30000,598350
639,3070522,10,218000,0,0.0,0,2023-04-16T00:33,0,218000
640,2827957,11,568100,1579000,100.0,2,2023-04-16T00:33,-30000,538100
641,3030948,12,68000,0,99.0,37,2023-04-16T00:33,0,68000
642,3106487,13,133200,148000,99.0,29,2023-04-16T00:33,0,133200
643,3008191,14,348000,498000,100.0,1,2023-04-16T00:33,-62640,285360
644,3190601,15,334000,478000,0.0,0,2023-04-16T00:33,-60120,273880
645,2091668,16,339000,0,80.0,1,2023-04-16T00:33,0,339000
646,3103968,17,341050,359000,0.0,0,2023-04-16T00:33,-61389,279661
647,3050173,18,166600,238000,100.0,4,2023-04-16T00:33,0,166600
648,1788223,19,100800,168000,95.0,32,2023-04-16T00:33,-20160,80640
649,3135234,20,80100,89000,96.0,5,2023-04-16T00:33,-12015,68085
650,1871030,21,133600,167000,95.0,102,2023-04-16T00:33,0,133600
651,3077360,22,98000,0,96.0,6,2023-04-16T00:33,0,98000
652,2605850,23,94000,0,97.0,171,2023-04-16T00:33,0,94000
653,3054314,24,259000,0,0.0,0,2023-04-16T00:33,-38850,220150
654,3203179,25,247000,0,0.0,0,2023-04-16T00:33,0,247000
655,1779568,26,54400,64000,95.0,294,2023-04-16T00:33,-10880,43520
656,2393504,27,94000,0,99.0,54,2023-04-16T00:33,0,94000
657,3140510,28,198000,0,100.0,2,2023-04-16T00:33,-39600,158400
658,3081772,29,189000,0,93.0,3,2023-04-16T00:33,0,189000
659,2795048,30,226000,0,0.0,0,2023-04-16T00:33,0,226000
660,3070519,31,218000,0,0.0,0,2023-04-16T00:33,0,218000
661,2527332,32,234000,0,0.0,0,2023-04-16T00:33,0,234000
662,3229367,33,208000,0,0.0,0,2023-04-16T00:33,0,208000
663,3130633,34,149000,0,100.0,6,2023-04-16T00:33,0,149000
664,3081771,35,189000,0,100.0,5,2023-04-16T00:33,0,189000
665,3213350,36,94050,99000,0.0,0,2023-04-16T00:33,-18810,75240
666,3174221,37,188100,209000,0.0,0,2023-04-16T00:33,-33858,154242
667,2512635,38,35400,59000,96.0,218,2023-04-16T00:33,0,35400
668,3050856,39,189000,0,93.0,12,2023-04-16T00:33,0,189000
669,3041837,40,168000,0,0.0,0,2023-04-16T00:33,0,168000
670,3115367,41,196200,218000,0.0,0,2023-04-16T00:33,0,196200
671,1345279,42,198000,0,100.0,1,2023-04-16T00:33,0,198000
672,3146734,43,188100,209000,0.0,0,2023-04-16T00:33,-33858,154242
673,3234136,44,99000,0,0.0,0,2023-04-16T00:33,0,99000
674,3138205,45,139500,155000,0.0,0,2023-04-16T00:33,-6975,132525
675,2970900,46,189000,0,100.0,6,2023-04-16T00:33,0,189000
676,3066926,47,94400,118000,100.0,2,2023-04-16T00:33,-18880,75520
677,2988340,48,185000,0,0.0,0,2023-04-16T00:33,0,185000
678,2712722,49,46900,79000,95.0,29,2023-04-16T00:33,0,46900
679,3083241,50,151200,168000,0.0,0,2023-04-16T00:33,-30240,120960
680,3212524,51,173000,0,0.0,0,2023-04-16T00:33,0,173000
681,3055338,52,159000,0,100.0,2,2023-04-16T00:33,0,159000
682,2387240,53,175000,0,97.0,20,2023-04-16T00:33,-26250,148750
683,3135904,54,92000,0,100.0,7,2023-04-16T00:33,0,92000
684,3224870,55,75000,0,0.0,0,2023-04-16T00:33,0,75000
685,3130634,56,149000,0,86.0,3,2023-04-16T00:33,0,149000
686,3137343,57,139000,0,100.0,3,2023-04-16T00:33,0,139000
687,2457508,58,153300,219000,97.0,31,2023-04-16T00:33,0,153300
688,3138202,59,139500,155000,0.0,0,2023-04-16T00:33,-6975,132525
689,2506458,60,160000,229000,100.0,1,2023-04-16T00:33,0,160000
690,2848613,61,86900,0,100.0,3,2023-04-16T00:33,0,86900
691,3190544,62,159000,0,0.0,0,2023-04-16T00:33,0,159000
692,3220210,63,149000,0,0.0,0,2023-04-16T00:33,-26820,122180
693,2388209,64,94000,0,96.0,158,2023-04-16T00:33,0,94000
694,3184364,65,159000,0,0.0,0,2023-04-16T00:33,0,159000
695,1875663,66,36900,0,95.0,831,2023-04-16T00:33,0,36900
696,3206552,67,106400,112000,0.0,0,2023-04-16T00:33,0,106400
697,3162414,68,79000,0,0.0,0,2023-04-16T00:33,0,79000
698,3126193,69,63200,79000,97.0,7,2023-04-16T00:33,-12640,50560
699,2933268,70,109000,218000,0.0,0,2023-04-16T00:33,-21800,87200
700,2312849,71,149000,0,0.0,0,2023-04-16T00:33,-22350,126650
701,3106752,72,149000,0,0.0,0,2023-04-16T00:33,-22350,126650
702,1408661,73,51935,79900,93.0,341,2023-04-16T00:33,0,51935
703,2610809,74,196800,492000,100.0,1,2023-04-16T00:33,-19680,177120
704,2500446,75,139000,0,0.0,0,2023-04-16T00:33,0,139000
705,2614497,76,135200,169000,0.0,0,2023-04-16T00:33,-20280,114920
706,3062910,77,122400,136000,0.0,0,2023-04-16T00:33,0,122400
707,2662640,78,194000,980000,0.0,0,2023-04-16T00:33,0,194000
708,3111732,79,67200,84000,100.0,5,2023-04-16T00:33,0,67200
709,3079951,80,129000,0,0.0,0,2023-04-16T00:33,0,129000
710,3084762,81,119000,0,100.0,2,2023-04-16T00:33,0,119000
711,3187364,82,59900,0,0.0,0,2023-04-16T00:33,-8985,50915
712,3006192,83,129000,0,0.0,0,2023-04-16T00:33,-19350,109650
713,3074709,84,119000,0,100.0,3,2023-04-16T00:33,0,119000
714,3174461,85,71100,79000,0.0,0,2023-04-16T00:33,0,71100
715,2424645,86,80000,179000,95.0,13,2023-04-16T00:33,-14400,65600
716,2612357,87,69000,139000,96.0,16,2023-04-16T00:33,-10350,58650
717,1341924,88,98800,152000,96.0,82,2023-04-16T00:33,-14820,83980
718,2392489,89,31900,0,97.0,737,2023-04-16T00:33,0,31900
719,3213349,90,94050,99000,0.0,0,2023-04-16T00:33,-18810,75240
720,2978105,1,49900,0,97.0,18,2023-04-16T00:33,-4990,44910
721,3040758,2,82000,111000,94.0,14,2023-04-16T00:33,-16400,65600
722,3040745,3,88000,110000,94.0,17,2023-04-16T00:33,-17600,70400
723,3118975,4,318000,0,80.0,1,2023-04-16T00:33,-57240,260760
724,2978106,5,49900,0,100.0,3,2023-04-16T00:33,-4990,44910
725,2864414,6,69300,99000,95.0,97,2023-04-16T00:33,-10395,58905
726,2429118,7,236600,338000,95.0,8,2023-04-16T00:33,-42588,194012
727,3119334,8,379000,0,0.0,0,2023-04-16T00:33,0,379000
728,3212799,9,338000,0,0.0,0,2023-04-16T00:33,-60840,277160
729,1788995,10,55500,65000,94.0,564,2023-04-16T00:33,-11100,44400
730,3049781,11,76000,95000,100.0,2,2023-04-16T00:33,-15200,60800
731,2859788,12,287200,359000,0.0,0,2023-04-16T00:33,0,287200
732,3178510,13,148800,186000,0.0,0,2023-04-16T00:33,-26784,122016
733,2819908,14,255200,319000,0.0,0,2023-04-16T00:33,0,255200
734,2891918,15,265300,379000,100.0,3,2023-04-16T00:33,0,265300
735,2615604,16,271200,339000,100.0,2,2023-04-16T00:33,0,271200
736,3190568,17,278000,398000,0.0,0,2023-04-16T00:33,-50040,227960
737,3049792,18,67000,79000,100.0,13,2023-04-16T00:33,-13400,53600
738,2687353,19,237300,339000,86.0,3,2023-04-16T00:33,0,237300
739,3200164,20,125100,139000,0.0,0,2023-04-16T00:33,-22518,102582
740,3058718,21,86400,96000,93.0,18,2023-04-16T00:33,-15552,70848
741,3049791,22,67000,79000,100.0,13,2023-04-16T00:33,-13400,53600
742,3038047,23,113050,119000,100.0,3,2023-04-16T00:33,0,113050
743,3058721,24,86400,96000,91.0,7,2023-04-16T00:33,-15552,70848
744,3051039,25,95200,119000,100.0,39,2023-04-16T00:33,0,95200
745,3112848,26,247000,260000,100.0,2,2023-04-16T00:33,-44460,202540
746,3031104,27,55200,69000,98.0,69,2023-04-16T00:33,-8280,46920
747,2836351,28,49680,72000,96.0,479,2023-04-16T00:33,-7452,42228
748,2551401,29,37900,0,94.0,328,2023-04-16T00:33,0,37900
749,2377814,30,178200,198000,96.0,78,2023-04-16T00:33,-32076,146124
750,3201980,31,63200,79000,80.0,2,2023-04-16T00:33,-12640,50560
751,3038064,32,113050,119000,100.0,3,2023-04-16T00:33,0,113050
752,3070528,33,168000,0,95.0,4,2023-04-16T00:33,0,168000
753,3144894,34,93000,0,0.0,0,2023-04-16T00:33,0,93000
754,3124421,35,219000,0,0.0,0,2023-04-16T00:33,-39420,179580
755,2535468,36,202800,338000,100.0,6,2023-04-16T00:33,-36504,166296
756,2259157,37,37290,43900,93.0,38,2023-04-16T00:33,0,37290
757,2942764,38,189000,0,98.0,14,2023-04-16T00:33,0,189000
758,3058683,39,103600,148000,100.0,1,2023-04-16T00:33,-18648,84952
759,2664572,40,186000,0,100.0,1,2023-04-16T00:33,-33480,152520
760,2446275,41,198000,0,0.0,0,2023-04-16T00:33,-35640,162360
761,3175178,42,190000,0,0.0,0,2023-04-16T00:33,-34200,155800
762,3098640,43,179550,189000,0.0,0,2023-04-16T00:33,-32319,147231
763,3081767,44,169000,0,91.0,7,2023-04-16T00:33,0,169000
764,2933318,45,82800,138000,98.0,12,2023-04-16T00:33,-16560,66240
765,3123863,46,160200,178000,0.0,0,2023-04-16T00:33,-28836,131364
766,3026953,47,86700,102000,100.0,10,2023-04-16T00:33,-13005,73695
767,2755918,48,119000,0,100.0,2,2023-04-16T00:33,0,119000
768,3098636,49,179550,189000,0.0,0,2023-04-16T00:33,-32319,147231
769,3133082,50,171000,0,90.0,6,2023-04-16T00:33,0,171000
770,3098868,51,195000,0,0.0,0,2023-04-16T00:33,-29250,165750
771,3105866,52,89000,0,95.0,4,2023-04-16T00:33,-13350,75650
772,3158889,53,89000,0,0.0,0,2023-04-16T00:33,-4450,84550
773,3218576,54,164000,0,0.0,0,2023-04-16T00:33,0,164000
774,3119555,55,168000,0,0.0,0,2023-04-16T00:33,0,168000
775,2830788,56,139000,0,96.0,26,2023-04-16T00:33,0,139000
776,3213324,57,84550,89000,0.0,0,2023-04-16T00:33,-16910,67640
777,3083213,58,118800,132000,88.0,5,2023-04-16T00:33,-23760,95040
778,3105869,59,89000,0,0.0,0,2023-04-16T00:33,-13350,75650
779,3083219,60,151200,168000,0.0,0,2023-04-16T00:33,-30240,120960
780,3058716,61,86400,96000,100.0,8,2023-04-16T00:33,-15552,70848
781,2860567,62,143400,239000,96.0,5,2023-04-16T00:33,-25812,117588
782,3120598,63,152100,169000,100.0,1,2023-04-16T00:33,-27378,124722
783,2933304,64,76800,128000,0.0,0,2023-04-16T00:33,-15360,61440
784,3078210,65,148000,0,0.0,0,2023-04-16T00:33,-22200,125800
785,3093412,66,149000,0,100.0,2,2023-04-16T00:33,-14900,134100
786,3141051,67,148000,0,0.0,0,2023-04-16T00:33,0,148000
787,3038425,68,111200,139000,97.0,7,2023-04-16T00:33,-16680,94520
788,3047723,69,75050,79000,100.0,3,2023-04-16T00:33,-15010,60040
789,3111563,70,79200,99000,0.0,0,2023-04-16T00:33,-15840,63360
790,2643770,71,124000,138000,98.0,18,2023-04-16T00:33,-22320,101680
791,1819994,72,36500,43000,92.0,665,2023-04-16T00:33,-3650,32850
792,3198566,73,39000,59000,100.0,2,2023-04-16T00:33,-5850,33150
793,2874483,74,142800,238000,93.0,3,2023-04-16T00:33,-25704,117096
794,3087281,75,143200,179000,0.0,0,2023-04-16T00:33,-21480,121720
795,2352881,76,39950,79900,98.0,311,2023-04-16T00:33,0,39950
796,1944553,77,36900,0,96.0,219,2023-04-16T00:33,-3690,33210
797,3122270,78,124200,138000,95.0,4,2023-04-16T00:33,-22356,101844
798,3046033,79,140600,148000,0.0,0,2023-04-16T00:33,0,140600
799,2643318,80,124000,138000,94.0,17,2023-04-16T00:33,-22320,101680
800,3090420,81,139000,0,0.0,0,2023-04-16T00:33,0,139000
801,3120201,82,124200,138000,100.0,2,2023-04-16T00:33,-22356,101844
802,3171125,83,118110,127000,0.0,0,2023-04-16T00:33,-5906,112204
803,3120202,84,124200,138000,100.0,4,2023-04-16T00:33,-22356,101844
804,2434090,85,138000,0,100.0,16,2023-04-16T00:33,-6900,131100
805,2716675,86,39900,59000,96.0,177,2023-04-16T00:33,-5985,33915
806,2373068,87,98100,109000,91.0,58,2023-04-16T00:33,-14715,83385
807,2551407,88,37900,0,97.0,184,2023-04-16T00:33,0,37900
808,3070332,89,73800,82000,100.0,1,2023-04-16T00:33,0,73800
809,3154851,90,42000,56000,91.0,7,2023-04-16T00:33,0,42000
810,991339,1,17890,19900,97.0,53160,2023-04-16T00:33,0,17890
811,1986031,2,24990,27900,97.0,10745,2023-04-16T00:33,0,24990
812,998051,3,15900,24000,97.0,163743,2023-04-16T00:33,0,15900
813,991340,4,17890,19900,97.0,30975,2023-04-16T00:33,0,17890
814,763821,5,16900,22000,96.0,31464,2023-04-16T00:33,0,16900
815,3033249,6,15000,0,96.0,238,2023-04-16T00:33,0,15000
816,1342874,7,16900,33000,97.0,12938,2023-04-16T00:33,0,16900
817,1996702,8,23690,27900,97.0,1956,2023-04-16T00:33,0,23690
818,1094748,9,19900,0,97.0,19233,2023-04-16T00:33,0,19900
819,1477845,10,15400,22000,96.0,9769,2023-04-16T00:33,0,15400
820,1094835,11,14290,15900,97.0,6255,2023-04-16T00:33,0,14290
821,2845854,12,13200,18900,97.0,257,2023-04-16T00:33,-2640,10560
822,792919,13,15190,16900,96.0,17968,2023-04-16T00:33,0,15190
823,1986029,14,27900,0,97.0,3976,2023-04-16T00:33,0,27900
824,1729576,15,9900,13900,97.0,16220,2023-04-16T00:33,-1485,8415
825,1821485,16,30000,0,96.0,1283,2023-04-16T00:33,0,30000
826,1443937,17,12900,24000,97.0,8087,2023-04-16T00:33,0,12900
827,2297277,18,19900,22000,95.0,311,2023-04-16T00:33,0,19900
828,991570,19,12900,20000,97.0,19122,2023-04-16T00:33,0,12900
829,746158,20,22900,0,96.0,20549,2023-04-16T00:33,0,22900
830,2973952,21,28800,48000,95.0,16,2023-04-16T00:33,-5184,23616
831,1094749,22,19900,0,96.0,4971,2023-04-16T00:33,0,19900
832,1986030,23,23690,27900,97.0,1684,2023-04-16T00:33,0,23690
833,2832613,24,11900,33000,97.0,738,2023-04-16T00:33,0,11900
834,1346009,25,9900,12000,97.0,6733,2023-04-16T00:33,-1485,8415
835,479245,26,15400,22000,93.0,5427,2023-04-16T00:33,0,15400
836,2960555,27,19000,0,93.0,118,2023-04-16T00:33,0,19000
837,1974077,28,42090,46900,97.0,903,2023-04-16T00:33,0,42090
838,734085,29,13900,19800,96.0,64991,2023-04-16T00:33,0,13900
839,991341,30,16890,19900,96.0,10261,2023-04-16T00:33,0,16890
840,2011852,31,21490,23900,97.0,1318,2023-04-16T00:33,0,21490
841,792920,32,15190,16900,96.0,9678,2023-04-16T00:33,0,15190
842,1996704,33,22290,27900,97.0,720,2023-04-16T00:33,0,22290
843,2929635,34,16800,27000,97.0,552,2023-04-16T00:33,-2520,14280
844,2821598,35,19390,22900,97.0,152,2023-04-16T00:33,0,19390
845,1996705,36,23690,27900,98.0,2712,2023-04-16T00:33,0,23690
846,1094836,37,14290,15900,97.0,1328,2023-04-16T00:33,0,14290
847,1358721,38,14900,22000,96.0,1147,2023-04-16T00:33,-2235,12665
848,1094750,39,16890,19900,97.0,3565,2023-04-16T00:33,0,16890
849,746154,40,17900,0,96.0,5200,2023-04-16T00:33,0,17900
850,2509300,41,19900,0,96.0,400,2023-04-16T00:33,0,19900
851,1094834,42,21490,23900,96.0,2463,2023-04-16T00:33,0,21490
852,1260388,43,20900,0,95.0,688,2023-04-16T00:33,0,20900
853,3134423,44,39000,0,100.0,2,2023-04-16T00:33,0,39000
854,1392773,45,16890,19900,95.0,1477,2023-04-16T00:33,0,16890
855,746159,46,22900,0,95.0,28748,2023-04-16T00:33,0,22900
856,1094837,47,13490,15900,96.0,1763,2023-04-16T00:33,0,13490
857,2973894,48,22000,27500,98.0,31,2023-04-16T00:33,0,22000
858,2912120,49,25000,0,95.0,19,2023-04-16T00:33,0,25000
859,2295818,50,19900,22000,95.0,192,2023-04-16T00:33,0,19900
860,472686,51,9900,14800,94.0,744,2023-04-16T00:33,0,9900
861,3113489,52,32000,0,100.0,6,2023-04-16T00:33,0,32000
862,752821,53,9900,0,94.0,23832,2023-04-16T00:33,0,9900
863,2347097,54,14900,24000,97.0,1594,2023-04-16T00:33,-2235,12665
864,3220486,55,18000,0,0.0,0,2023-04-16T00:33,0,18000
865,3066803,56,34200,38000,95.0,9,2023-04-16T00:33,-6840,27360
866,2821589,57,19690,21900,96.0,39,2023-04-16T00:33,0,19690
867,2584266,58,9900,12000,98.0,410,2023-04-16T00:33,-1485,8415
868,2122868,59,9900,13900,97.0,3914,2023-04-16T00:33,-1485,8415
869,3009680,60,12590,14900,98.0,129,2023-04-16T00:33,0,12590
870,2477854,61,17890,19900,98.0,1476,2023-04-16T00:33,0,17890
871,2821592,62,15590,20900,98.0,149,2023-04-16T00:33,0,15590
872,1466645,63,14900,21000,96.0,686,2023-04-16T00:33,-2235,12665
873,3027137,64,25900,0,94.0,20,2023-04-16T00:33,0,25900
874,1260391,65,21490,23900,94.0,343,2023-04-16T00:33,0,21490
875,1346070,66,9900,12000,97.0,1892,2023-04-16T00:33,-1485,8415
876,2959926,67,14850,16500,98.0,153,2023-04-16T00:33,0,14850
877,1821487,68,30000,0,97.0,683,2023-04-16T00:33,0,30000
878,2964177,69,20520,36000,92.0,14,2023-04-16T00:33,0,20520
879,2610915,70,17000,0,95.0,101,2023-04-16T00:33,-3060,13940
880,1477846,71,15400,22000,96.0,2685,2023-04-16T00:33,0,15400
881,2835702,72,13900,15800,97.0,76,2023-04-16T00:33,0,13900
882,1360044,73,19900,0,97.0,1764,2023-04-16T00:33,0,19900
883,1222892,74,30400,32000,97.0,372,2023-04-16T00:33,0,30400
884,3109190,75,29900,0,0.0,0,2023-04-16T00:33,0,29900
885,1260383,76,19900,0,95.0,1459,2023-04-16T00:33,0,19900
886,1222903,77,30400,32000,97.0,534,2023-04-16T00:33,0,30400
887,2433154,78,30000,0,95.0,88,2023-04-16T00:33,0,30000
888,2959925,79,22000,27500,98.0,123,2023-04-16T00:33,0,22000
889,1062063,80,9490,15900,96.0,2165,2023-04-16T00:33,0,9490
890,2798430,81,29000,0,97.0,46,2023-04-16T00:33,0,29000
891,2003714,82,15200,22000,97.0,428,2023-04-16T00:33,-2280,12920
892,2662791,83,19500,39000,100.0,3,2023-04-16T00:33,0,19500
893,2551214,84,5900,9900,97.0,222,2023-04-16T00:33,0,5900
894,1387502,85,12690,15900,95.0,518,2023-04-16T00:33,0,12690
895,2011850,86,21490,23900,98.0,869,2023-04-16T00:33,0,21490
896,3069626,87,17010,18900,94.0,10,2023-04-16T00:33,-3062,13948
897,3083314,88,34200,38000,93.0,6,2023-04-16T00:33,-6840,27360
898,2870865,89,15900,19900,96.0,70,2023-04-16T00:33,-3180,12720
899,2047556,90,13500,35000,95.0,454,2023-04-16T00:33,0,13500
