,item_id,rank,price,del_price,rating,rating_count,time,coupon,real_price
0,1939099,1,34300,49000,97.0,11813,2023-04-11T23:36,0,34300
1,2272830,2,35910,39900,97.0,19607,2023-04-11T23:36,-3591,32319
2,2395143,3,49900,129000,98.0,258,2023-04-11T23:36,0,49900
3,1848166,4,44100,49000,97.0,41169,2023-04-11T23:36,0,44100
4,1763157,5,44200,52000,95.0,2670,2023-04-11T23:36,0,44200
5,2313388,6,68000,85000,96.0,2154,2023-04-11T23:36,-13600,54400
6,2086653,7,16900,0,97.0,39845,2023-04-11T23:36,0,16900
7,345889,8,29900,47900,95.0,9940,2023-04-11T23:36,0,29900
8,2646350,9,59800,94000,95.0,4369,2023-04-11T23:36,-5980,53820
9,3175768,10,49500,66000,0.0,0,2023-04-11T23:36,-4950,44550
10,2442409,11,39000,78000,96.0,8997,2023-04-11T23:36,-5850,33150
11,3105468,12,67150,79000,98.0,63,2023-04-11T23:36,0,67150
12,2149254,13,37800,0,97.0,33629,2023-04-11T23:36,-5670,32130
13,3126787,14,177400,199000,100.0,2,2023-04-11T23:36,0,177400
14,2377269,15,45000,0,97.0,4001,2023-04-11T23:36,0,45000
15,2034137,16,31800,0,97.0,17416,2023-04-11T23:36,-4770,27030
16,1882578,17,35910,39900,97.0,9818,2023-04-11T23:36,0,35910
17,2479911,18,49400,76000,97.0,4344,2023-04-11T23:36,0,49400
18,3175651,19,39600,55000,0.0,0,2023-04-11T23:36,-3960,35640
19,2462040,20,38000,45000,95.0,3867,2023-04-11T23:36,-7600,30400
20,1921901,21,36900,70500,96.0,7641,2023-04-11T23:36,0,36900
21,3149803,22,89100,99000,100.0,1,2023-04-11T23:36,0,89100
22,2392759,23,39900,49600,95.0,4081,2023-04-11T23:36,-3990,35910
23,1582356,24,49200,82000,96.0,16244,2023-04-11T23:36,0,49200
24,1884943,25,29900,39000,96.0,18945,2023-04-11T23:36,0,29900
25,3206068,26,52900,74000,98.0,294,2023-04-11T23:36,0,52900
26,2395142,27,49900,129000,98.0,159,2023-04-11T23:36,0,49900
27,2122566,28,33800,0,97.0,16324,2023-04-11T23:36,-5070,28730
28,2396645,29,39900,59000,96.0,23565,2023-04-11T23:36,-7980,31920
29,2285512,30,44200,52000,96.0,1736,2023-04-11T23:36,0,44200
30,2038497,31,36000,45000,95.0,16385,2023-04-11T23:36,-3600,32400
31,1817394,32,59900,150000,93.0,7258,2023-04-11T23:36,0,59900
32,2364807,33,219000,0,96.0,717,2023-04-11T23:36,0,219000
33,3187851,34,49900,110000,98.0,164,2023-04-11T23:36,0,49900
34,2996536,35,39900,59000,96.0,575,2023-04-11T23:36,-7980,31920
35,3064420,36,55200,69000,97.0,61,2023-04-11T23:36,0,55200
36,3143791,37,39900,68000,98.0,167,2023-04-11T23:36,-7980,31920
37,2409397,38,31500,45000,97.0,2781,2023-04-11T23:36,-3150,28350
38,1706633,39,199000,0,97.0,2411,2023-04-11T23:36,0,199000
39,2608421,40,34300,49000,96.0,615,2023-04-11T23:36,0,34300
40,994588,41,39900,53000,93.0,6078,2023-04-11T23:36,-3990,35910
41,2314616,42,39000,43000,97.0,8340,2023-04-11T23:36,0,39000
42,2375962,43,59000,62000,98.0,5533,2023-04-11T23:36,-5900,53100
43,3010415,44,219000,0,98.0,40,2023-04-11T23:36,0,219000
44,3043051,45,68000,85000,96.0,88,2023-04-11T23:36,-13600,54400
45,2015684,46,39000,0,94.0,6429,2023-04-11T23:36,0,39000
46,1498105,47,189000,0,97.0,2013,2023-04-11T23:36,0,189000
47,1336398,48,40200,67000,96.0,19106,2023-04-11T23:36,0,40200
48,1846930,49,27300,39000,96.0,8357,2023-04-11T23:36,0,27300
49,1420730,50,35000,58000,95.0,36060,2023-04-11T23:36,0,35000
50,2065708,51,59000,62000,98.0,6717,2023-04-11T23:36,-5900,53100
51,996177,52,15900,0,95.0,77692,2023-04-11T23:36,0,15900
52,2608420,53,34300,49000,97.0,345,2023-04-11T23:36,0,34300
53,1005680,54,17500,35000,95.0,9224,2023-04-11T23:36,0,17500
54,1828538,55,39900,69900,95.0,2965,2023-04-11T23:36,0,39900
55,1944612,56,35800,59700,97.0,2919,2023-04-11T23:36,0,35800
56,2737978,57,119000,0,98.0,157,2023-04-11T23:36,0,119000
57,2043036,58,59900,97900,95.0,7508,2023-04-11T23:36,-11980,47920
58,1763123,59,84550,89000,96.0,1673,2023-04-11T23:36,0,84550
59,2368712,60,38700,43000,97.0,5610,2023-04-11T23:36,0,38700
60,1503352,61,39900,42000,97.0,8462,2023-04-11T23:36,0,39900
61,3042516,62,42000,65000,96.0,93,2023-04-11T23:36,-8400,33600
62,2453556,63,39900,42000,97.0,6302,2023-04-11T23:36,0,39900
63,3176119,64,69000,0,100.0,3,2023-04-11T23:36,0,69000
64,1943792,65,34400,43000,96.0,5433,2023-04-11T23:36,0,34400
65,3043045,66,68000,85000,98.0,51,2023-04-11T23:36,-13600,54400
66,1417691,67,13900,0,97.0,18646,2023-04-11T23:36,0,13900
67,1900341,68,34400,43000,97.0,2287,2023-04-11T23:36,-6880,27520
68,2326935,69,55300,79000,96.0,13009,2023-04-11T23:36,-11060,44240
69,2456003,70,37900,82900,95.0,2231,2023-04-11T23:36,0,37900
70,1899755,71,29900,39000,96.0,4989,2023-04-11T23:36,0,29900
71,3034895,72,101150,119000,98.0,386,2023-04-11T23:36,0,101150
72,2171559,73,39900,54000,96.0,4230,2023-04-11T23:36,-3990,35910
73,2462039,74,38000,45000,96.0,1452,2023-04-11T23:36,-7600,30400
74,3118910,75,53100,59000,93.0,56,2023-04-11T23:36,0,53100
75,2660716,76,50400,72000,96.0,2403,2023-04-11T23:36,-10080,40320
76,3052036,77,59400,66000,96.0,180,2023-04-11T23:36,0,59400
77,2575342,78,31500,59000,96.0,862,2023-04-11T23:36,0,31500
78,2065703,79,59000,62000,98.0,5602,2023-04-11T23:36,-5900,53100
79,3149797,80,107100,119000,0.0,0,2023-04-11T23:36,0,107100
80,2376229,81,36000,0,97.0,3856,2023-04-11T23:36,0,36000
81,2376233,82,36000,0,97.0,2239,2023-04-11T23:36,0,36000
82,1793989,83,199000,0,97.0,941,2023-04-11T23:36,0,199000
83,3180166,84,31200,39000,99.0,80,2023-04-11T23:36,0,31200
84,2612829,85,44900,67900,97.0,1734,2023-04-11T23:36,-8980,35920
85,1498103,86,199000,0,96.0,871,2023-04-11T23:36,0,199000
86,854337,87,33900,0,95.0,17411,2023-04-11T23:36,0,33900
87,2877493,88,59800,92000,95.0,1475,2023-04-11T23:36,0,59800
88,1608272,89,39800,65590,96.0,4135,2023-04-11T23:36,0,39800
89,2562821,90,81900,91000,97.0,111,2023-04-11T23:36,0,81900
90,1558197,1,73690,81900,97.0,32498,2023-04-11T23:36,0,73690
91,1778404,2,42000,45000,96.0,67506,2023-04-11T23:36,0,42000
92,2723218,3,69900,109000,97.0,2400,2023-04-11T23:36,0,69900
93,1571879,4,79900,112900,96.0,7108,2023-04-11T23:36,-15980,63920
94,3012082,5,59900,79000,96.0,1046,2023-04-11T23:36,-11980,47920
95,1283757,6,75490,83900,96.0,26727,2023-04-11T23:36,0,75490
96,1790383,7,59000,86000,95.0,5594,2023-04-11T23:36,0,59000
97,1856181,8,35910,39900,97.0,7645,2023-04-11T23:36,-3591,32319
98,3046667,9,69900,99000,96.0,38,2023-04-11T23:36,-13980,55920
99,2343198,10,119000,129000,97.0,5056,2023-04-11T23:36,0,119000
100,2471405,11,89000,138000,97.0,2099,2023-04-11T23:36,0,89000
101,2061715,12,83900,105000,97.0,2750,2023-04-11T23:36,0,83900
102,1576700,13,89000,129000,97.0,16884,2023-04-11T23:36,0,89000
103,1530516,14,69900,79000,96.0,2370,2023-04-11T23:36,-13980,55920
104,1530517,15,69900,79000,96.0,2119,2023-04-11T23:36,-13980,55920
105,841230,16,154000,172000,96.0,7303,2023-04-11T23:36,0,154000
106,1108007,17,79900,0,95.0,47909,2023-04-11T23:36,0,79900
107,2020732,18,70900,89000,95.0,845,2023-04-11T23:36,0,70900
108,2064545,19,59800,94000,97.0,11207,2023-04-11T23:36,-2990,56810
109,3033224,20,59900,74000,97.0,679,2023-04-11T23:36,-11980,47920
110,1195307,21,92700,103000,96.0,12670,2023-04-11T23:36,0,92700
111,2788216,22,146000,159000,98.0,128,2023-04-11T23:36,0,146000
112,1571878,23,79900,112900,96.0,4709,2023-04-11T23:36,-15980,63920
113,1776552,24,59000,69000,94.0,6153,2023-04-11T23:36,-5900,53100
114,3124653,25,201600,288000,0.0,0,2023-04-11T23:36,-40320,161280
115,2329532,26,119200,149000,97.0,3987,2023-04-11T23:36,0,119200
116,2284220,27,79900,112900,96.0,1713,2023-04-11T23:36,-15980,63920
117,2712632,28,107000,0,97.0,1360,2023-04-11T23:36,0,107000
118,1618312,29,83900,0,97.0,7174,2023-04-11T23:36,-8390,75510
119,2670700,30,268200,298000,98.0,1200,2023-04-11T23:36,-26820,241380
120,1558683,31,81900,0,97.0,6254,2023-04-11T23:36,0,81900
121,1778408,32,42000,45000,95.0,11754,2023-04-11T23:36,0,42000
122,2288704,33,121000,132000,97.0,3465,2023-04-11T23:36,-6050,114950
123,2322836,34,139200,174000,97.0,1033,2023-04-11T23:36,0,139200
124,2715055,35,159000,189000,97.0,2026,2023-04-11T23:36,0,159000
125,2110493,36,389000,0,96.0,643,2023-04-11T23:36,0,389000
126,1576682,37,245000,339000,97.0,8601,2023-04-11T23:36,0,245000
127,2572705,38,168300,198000,96.0,65,2023-04-11T23:36,-25245,143055
128,2375909,39,80890,89900,98.0,1569,2023-04-11T23:36,0,80890
129,2732486,40,109000,179000,98.0,715,2023-04-11T23:36,0,109000
130,2718413,41,126650,149000,97.0,1448,2023-04-11T23:36,0,126650
131,1337094,42,69900,0,95.0,5433,2023-04-11T23:36,0,69900
132,3010527,43,237150,279000,97.0,230,2023-04-11T23:36,0,237150
133,2159724,44,29900,32000,95.0,2320,2023-04-11T23:36,0,29900
134,2752332,45,94700,105300,95.0,2613,2023-04-11T23:36,0,94700
135,3132559,46,179100,199000,100.0,8,2023-04-11T23:36,0,179100
136,3025211,47,44900,69000,97.0,209,2023-04-11T23:36,-8980,35920
137,3203731,48,230800,259000,0.0,0,2023-04-11T23:36,0,230800
138,2699160,49,179000,0,96.0,92,2023-04-11T23:36,0,179000
139,2723216,50,69900,109000,97.0,1131,2023-04-11T23:36,0,69900
140,1776365,51,53400,89000,96.0,4631,2023-04-11T23:36,0,53400
141,1139192,52,71100,94900,97.0,14433,2023-04-11T23:36,-7110,63990
142,3092698,53,179000,0,98.0,52,2023-04-11T23:36,0,179000
143,965917,54,71890,79900,95.0,13084,2023-04-11T23:36,0,71890
144,3029811,55,63200,79000,97.0,266,2023-04-11T23:36,0,63200
145,2407203,56,148500,165000,98.0,313,2023-04-11T23:36,0,148500
146,2710931,57,79000,0,96.0,410,2023-04-11T23:36,0,79000
147,2709273,58,63200,79000,96.0,1148,2023-04-11T23:36,0,63200
148,2668986,59,35910,39900,96.0,3562,2023-04-11T23:36,-3591,32319
149,1737051,60,62300,89000,96.0,5123,2023-04-11T23:36,0,62300
150,1558688,61,73690,81900,97.0,5754,2023-04-11T23:36,0,73690
151,1291017,62,67900,96000,95.0,13038,2023-04-11T23:36,0,67900
152,3055246,63,159000,0,97.0,60,2023-04-11T23:36,0,159000
153,3061903,64,179000,0,96.0,13,2023-04-11T23:36,0,179000
154,3096451,65,124200,138000,99.0,45,2023-04-11T23:36,0,124200
155,2288426,66,69000,109000,94.0,828,2023-04-11T23:36,-6900,62100
156,2184463,67,389000,0,98.0,402,2023-04-11T23:36,0,389000
157,727847,68,68500,159000,93.0,10917,2023-04-11T23:36,0,68500
158,3042936,69,90900,105000,97.0,359,2023-04-11T23:36,0,90900
159,1571876,70,79900,112900,96.0,1217,2023-04-11T23:36,-15980,63920
160,3034346,71,164000,0,98.0,436,2023-04-11T23:36,0,164000
161,3125671,72,148000,0,98.0,21,2023-04-11T23:36,0,148000
162,2293391,73,72000,124000,96.0,1853,2023-04-11T23:36,-3600,68400
163,1337096,74,69900,0,97.0,2982,2023-04-11T23:36,0,69900
164,864404,75,108000,135000,95.0,13398,2023-04-11T23:36,0,108000
165,1833230,76,108800,136000,97.0,5452,2023-04-11T23:36,0,108800
166,3046664,77,89900,99000,97.0,145,2023-04-11T23:36,-17980,71920
167,2890926,78,79200,99000,98.0,72,2023-04-11T23:36,0,79200
168,709188,79,156700,209000,96.0,4207,2023-04-11T23:36,0,156700
169,3033083,80,97900,109000,97.0,50,2023-04-11T23:36,0,97900
170,1751722,81,53910,59900,97.0,3422,2023-04-11T23:36,-5391,48519
171,3030665,82,139200,174000,96.0,260,2023-04-11T23:36,0,139200
172,1873073,83,75490,83900,97.0,4071,2023-04-11T23:36,0,75490
173,3039655,84,69700,83000,96.0,583,2023-04-11T23:36,-10455,59245
174,3039484,85,85500,114000,97.0,353,2023-04-11T23:36,-12825,72675
175,2100438,86,67890,79900,97.0,3760,2023-04-11T23:36,0,67890
176,1558677,87,81900,0,97.0,1572,2023-04-11T23:36,0,81900
177,1280576,88,37200,62000,96.0,25250,2023-04-11T23:36,0,37200
178,3037472,89,69900,85900,97.0,147,2023-04-11T23:36,0,69900
179,2343199,90,119000,129000,98.0,1837,2023-04-11T23:36,0,119000
180,2112059,1,36400,0,97.0,43248,2023-04-11T23:36,0,36400
181,1149329,2,39900,0,96.0,86271,2023-04-11T23:36,0,39900
182,750908,3,35900,54000,96.0,84258,2023-04-11T23:36,0,35900
183,1551840,4,39000,0,97.0,83982,2023-04-11T23:36,0,39000
184,2060719,5,55200,69000,96.0,5247,2023-04-11T23:36,0,55200
185,1168906,6,41900,0,97.0,71267,2023-04-11T23:36,0,41900
186,3029548,7,379000,0,0.0,0,2023-04-11T23:36,-37900,341100
187,3098372,8,82000,139000,98.0,920,2023-04-11T23:36,0,82000
188,2092852,9,42000,52800,96.0,11247,2023-04-11T23:36,0,42000
189,1149328,10,39900,0,96.0,94620,2023-04-11T23:36,0,39900
190,1370101,11,39000,89000,96.0,23063,2023-04-11T23:36,-1950,37050
191,3170208,12,151200,168000,80.0,2,2023-04-11T23:36,-30240,120960
192,2112061,13,36400,0,97.0,14819,2023-04-11T23:36,0,36400
193,1568057,14,49600,62000,96.0,22420,2023-04-11T23:36,0,49600
194,3175685,15,69800,110000,0.0,0,2023-04-11T23:36,-6980,62820
195,2060759,16,59800,74800,97.0,7284,2023-04-11T23:36,0,59800
196,2351467,17,39800,54000,96.0,6326,2023-04-11T23:36,0,39800
197,2028327,18,49900,0,97.0,9200,2023-04-11T23:36,0,49900
198,3062147,19,99000,149000,100.0,8,2023-04-11T23:36,0,99000
199,1926048,20,32000,0,97.0,14777,2023-04-11T23:36,0,32000
200,1573215,21,133200,148000,98.0,9342,2023-04-11T23:36,0,133200
201,1924274,22,49900,66000,95.0,22576,2023-04-11T23:36,-9980,39920
202,2150457,23,119250,159000,97.0,3893,2023-04-11T23:36,0,119250
203,2060717,24,55200,69000,95.0,3880,2023-04-11T23:36,0,55200
204,1552753,25,74100,78000,97.0,28225,2023-04-11T23:36,0,74100
205,858911,26,39000,49000,95.0,67062,2023-04-11T23:36,0,39000
206,2789091,27,79200,99000,96.0,826,2023-04-11T23:36,0,79200
207,1551839,28,39000,0,97.0,23672,2023-04-11T23:36,0,39000
208,2028326,29,49900,0,97.0,6262,2023-04-11T23:36,0,49900
209,2706287,30,29000,54000,95.0,3865,2023-04-11T23:36,0,29000
210,2789111,31,79200,99000,97.0,889,2023-04-11T23:36,0,79200
211,3141395,32,49900,73900,96.0,196,2023-04-11T23:36,-9980,39920
212,3043508,33,71200,89000,97.0,148,2023-04-11T23:36,0,71200
213,1222184,34,41900,0,97.0,48475,2023-04-11T23:36,0,41900
214,2184087,35,49000,89000,96.0,4127,2023-04-11T23:36,-2450,46550
215,890521,36,39800,63000,94.0,11181,2023-04-11T23:36,0,39800
216,1555407,37,74100,78000,97.0,11647,2023-04-11T23:36,0,74100
217,1736085,38,39900,59800,96.0,36933,2023-04-11T23:36,0,39900
218,2749153,39,66600,74000,97.0,587,2023-04-11T23:36,0,66600
219,2032901,40,39900,0,97.0,6898,2023-04-11T23:36,0,39900
220,883004,41,69900,89000,94.0,9485,2023-04-11T23:36,0,69900
221,1168922,42,43900,0,96.0,18258,2023-04-11T23:36,0,43900
222,3091296,43,129000,0,95.0,85,2023-04-11T23:36,0,129000
223,2837340,44,53000,59000,96.0,862,2023-04-11T23:36,-10600,42400
224,1595607,45,57900,89000,97.0,5745,2023-04-11T23:36,-11580,46320
225,3167182,46,89000,99000,100.0,25,2023-04-11T23:36,0,89000
226,2060720,47,55200,69000,95.0,2595,2023-04-11T23:36,0,55200
227,2744549,48,49600,62000,97.0,5190,2023-04-11T23:36,0,49600
228,1885631,49,39000,49000,96.0,23774,2023-04-11T23:36,0,39000
229,1627892,50,43900,0,97.0,11084,2023-04-11T23:36,0,43900
230,1568032,51,49600,62000,96.0,6194,2023-04-11T23:36,0,49600
231,3029549,52,379000,0,0.0,0,2023-04-11T23:36,-37900,341100
232,2578996,53,39900,59000,95.0,4708,2023-04-11T23:36,-3990,35910
233,1826978,54,79000,0,96.0,7049,2023-04-11T23:36,0,79000
234,1212776,55,28690,31900,96.0,23455,2023-04-11T23:36,0,28690
235,2723714,56,52000,58000,96.0,1590,2023-04-11T23:36,0,52000
236,3170205,57,151200,168000,100.0,5,2023-04-11T23:36,-30240,120960
237,3175675,58,39600,55000,0.0,0,2023-04-11T23:36,-3960,35640
238,2060743,59,33000,55000,95.0,3598,2023-04-11T23:36,0,33000
239,2083900,60,159000,0,96.0,152,2023-04-11T23:36,0,159000
240,2131950,61,39000,49000,97.0,3955,2023-04-11T23:36,0,39000
241,890338,62,39000,49000,95.0,47786,2023-04-11T23:36,0,39000
242,1759490,63,84150,99000,96.0,7329,2023-04-11T23:36,-16830,67320
243,3154699,64,49800,63000,98.0,73,2023-04-11T23:36,0,49800
244,2684140,65,119970,129000,98.0,1498,2023-04-11T23:36,0,119970
245,1440874,66,39900,0,95.0,15158,2023-04-11T23:36,0,39900
246,3170207,67,151200,168000,100.0,5,2023-04-11T23:36,-30240,120960
247,1477272,68,44200,68000,96.0,17927,2023-04-11T23:36,-2210,41990
248,1324127,69,28790,33900,96.0,13793,2023-04-11T23:36,0,28790
249,2877984,70,59000,0,97.0,434,2023-04-11T23:36,0,59000
250,3022892,71,39000,49000,96.0,425,2023-04-11T23:36,0,39000
251,732703,72,113600,129000,97.0,3941,2023-04-11T23:36,0,113600
252,1246215,73,52000,65000,96.0,6330,2023-04-11T23:36,0,52000
253,1224095,74,35890,39900,97.0,24488,2023-04-11T23:36,0,35890
254,2569078,75,79000,0,96.0,2463,2023-04-11T23:36,0,79000
255,3049798,76,96800,121000,97.0,81,2023-04-11T23:36,-19360,77440
256,1391412,77,121500,135000,96.0,4653,2023-04-11T23:36,0,121500
257,890519,78,39800,63000,95.0,6838,2023-04-11T23:36,0,39800
258,1212777,79,25490,31900,96.0,21772,2023-04-11T23:36,0,25490
259,2562527,80,29400,42000,97.0,4070,2023-04-11T23:36,0,29400
260,1436218,81,25900,68000,95.0,19239,2023-04-11T23:36,0,25900
261,2792837,82,268000,0,94.0,14,2023-04-11T23:36,0,268000
262,1736562,83,39000,0,97.0,6079,2023-04-11T23:36,0,39000
263,1854661,84,139000,0,96.0,454,2023-04-11T23:36,0,139000
264,2720861,85,76300,109000,97.0,1273,2023-04-11T23:36,-11445,64855
265,1753536,86,58650,69000,97.0,4444,2023-04-11T23:36,-11730,46920
266,1985223,87,39000,89000,96.0,1686,2023-04-11T23:36,-1950,37050
267,1926034,88,32000,0,97.0,3115,2023-04-11T23:36,0,32000
268,2028329,89,49900,0,96.0,6574,2023-04-11T23:36,0,49900
269,3154647,90,49800,63000,97.0,96,2023-04-11T23:36,0,49800
270,2789785,1,116920,148000,97.0,605,2023-04-11T23:36,-11692,105228
271,2789787,2,116920,148000,96.0,321,2023-04-11T23:36,-11692,105228
272,3192309,3,93220,118000,100.0,8,2023-04-11T23:36,-9322,83898
273,2789786,4,124820,158000,98.0,222,2023-04-11T23:36,-12482,112338
274,2789784,5,124820,158000,97.0,178,2023-04-11T23:36,-12482,112338
275,1789507,6,69900,79000,98.0,25963,2023-04-11T23:36,-6990,62910
276,1034480,7,135000,150000,97.0,18128,2023-04-11T23:36,0,135000
277,1969507,8,88000,0,98.0,5447,2023-04-11T23:36,0,88000
278,1835080,9,98000,0,97.0,2834,2023-04-11T23:36,0,98000
279,3038000,10,74700,83000,97.0,408,2023-04-11T23:36,-11205,63495
280,2664933,11,90000,0,96.0,353,2023-04-11T23:36,-4500,85500
281,2408317,12,145800,162000,96.0,391,2023-04-11T23:36,-14580,131220
282,1910358,13,89100,99000,98.0,2494,2023-04-11T23:36,-4455,84645
283,2770508,14,138000,0,97.0,346,2023-04-11T23:36,0,138000
284,1264107,15,65000,90000,97.0,6403,2023-04-11T23:36,0,65000
285,3030223,16,3229000,3550000,0.0,0,2023-04-11T23:36,0,3229000
286,2344538,17,119000,0,98.0,6431,2023-04-11T23:36,0,119000
287,2271789,18,71100,79000,97.0,2546,2023-04-11T23:36,0,71100
288,2235274,19,145000,0,98.0,710,2023-04-11T23:36,0,145000
289,3116534,20,2952000,0,0.0,0,2023-04-11T23:36,0,2952000
290,2558648,21,119000,0,98.0,1289,2023-04-11T23:36,0,119000
291,1842449,22,84000,99000,97.0,5410,2023-04-11T23:36,0,84000
292,1581689,23,75600,89000,97.0,4012,2023-04-11T23:36,-3780,71820
293,2959937,24,90000,0,98.0,64,2023-04-11T23:36,-4500,85500
294,2793965,25,81900,91000,97.0,249,2023-04-11T23:36,-4095,77805
295,3034751,26,64800,72000,97.0,512,2023-04-11T23:36,0,64800
296,3070516,27,138000,0,96.0,25,2023-04-11T23:36,0,138000
297,2702033,28,127200,159000,97.0,410,2023-04-11T23:36,0,127200
298,1528287,29,46500,49000,96.0,4631,2023-04-11T23:36,0,46500
299,342189,30,39500,52000,95.0,15779,2023-04-11T23:36,0,39500
300,1969488,31,88000,0,98.0,1770,2023-04-11T23:36,0,88000
301,3011494,32,69900,79000,95.0,255,2023-04-11T23:36,-13980,55920
302,2320927,33,39000,51000,97.0,2198,2023-04-11T23:36,-3900,35100
303,1736022,34,150400,188000,95.0,435,2023-04-11T23:36,-15040,135360
304,1744101,35,103500,109000,98.0,2947,2023-04-11T23:36,0,103500
305,2344540,36,96000,0,98.0,9283,2023-04-11T23:36,0,96000
306,2066837,37,79000,119000,97.0,6524,2023-04-11T23:36,-7900,71100
307,3024801,38,138000,0,100.0,19,2023-04-11T23:36,0,138000
308,2979849,39,1852000,2370000,100.0,4,2023-04-11T23:36,0,1852000
309,3034745,40,75600,84000,97.0,177,2023-04-11T23:36,0,75600
310,1964770,41,59400,66000,97.0,2513,2023-04-11T23:36,0,59400
311,3047568,42,109650,129000,96.0,66,2023-04-11T23:36,-10965,98685
312,2753709,43,1790000,2268000,100.0,12,2023-04-11T23:36,0,1790000
313,2657250,44,125400,149000,98.0,130,2023-04-11T23:36,0,125400
314,1323612,45,238000,0,97.0,3831,2023-04-11T23:36,-11900,226100
315,693318,46,79000,110000,96.0,13198,2023-04-11T23:36,0,79000
316,1597319,47,89100,99000,97.0,599,2023-04-11T23:36,-4455,84645
317,3082387,48,139000,0,98.0,128,2023-04-11T23:36,-13900,125100
318,2112607,49,178000,0,97.0,366,2023-04-11T23:36,0,178000
319,3028885,50,139920,159000,97.0,25,2023-04-11T23:36,-6996,132924
320,1564343,51,92800,119000,98.0,8118,2023-04-11T23:36,-4640,88160
321,2422175,52,145800,162000,99.0,213,2023-04-11T23:36,-7290,138510
322,2514819,53,55000,66000,97.0,860,2023-04-11T23:36,-2750,52250
323,1263004,54,159000,0,97.0,5267,2023-04-11T23:36,0,159000
324,2343665,55,89000,0,97.0,4662,2023-04-11T23:36,0,89000
325,1456515,56,49500,55000,97.0,8753,2023-04-11T23:36,0,49500
326,2975285,57,55250,65000,98.0,328,2023-04-11T23:36,0,55250
327,2888946,58,79000,0,98.0,175,2023-04-11T23:36,-7900,71100
328,3034743,59,75600,84000,96.0,220,2023-04-11T23:36,0,75600
329,3142123,60,290000,0,100.0,19,2023-04-11T23:36,0,290000
330,2856863,61,1416000,2167000,0.0,0,2023-04-11T23:36,0,1416000
331,2982246,62,43000,0,95.0,199,2023-04-11T23:36,0,43000
332,938746,63,80100,89000,95.0,12544,2023-04-11T23:36,0,80100
333,3034749,64,64800,72000,97.0,463,2023-04-11T23:36,0,64800
334,2235273,65,145000,0,98.0,184,2023-04-11T23:36,0,145000
335,1969479,66,88000,0,98.0,1139,2023-04-11T23:36,0,88000
336,1320752,67,67800,135000,97.0,4758,2023-04-11T23:36,-3390,64410
337,2744318,68,139920,159000,98.0,293,2023-04-11T23:36,-6996,132924
338,2679537,69,145800,162000,95.0,111,2023-04-11T23:36,-14580,131220
339,1247560,70,69900,79000,96.0,4282,2023-04-11T23:36,-6990,62910
340,3187993,71,395000,0,0.0,0,2023-04-11T23:36,0,395000
341,2306062,72,89000,139000,97.0,1194,2023-04-11T23:36,-8900,80100
342,3029905,73,395000,0,100.0,36,2023-04-11T23:36,0,395000
343,3061969,74,80100,89000,97.0,38,2023-04-11T23:36,-4005,76095
344,2930267,75,107100,119000,97.0,85,2023-04-11T23:36,-5355,101745
345,1954448,76,50000,0,96.0,1397,2023-04-11T23:36,-2500,47500
346,2902211,77,390000,600000,100.0,14,2023-04-11T23:36,0,390000
347,2856864,78,1339000,2167000,0.0,0,2023-04-11T23:36,0,1339000
348,2972796,79,159000,169000,96.0,162,2023-04-11T23:36,-7950,151050
349,2769989,80,158000,0,98.0,57,2023-04-11T23:36,0,158000
350,2325729,81,87200,109000,97.0,806,2023-04-11T23:36,-13080,74120
351,1534526,82,52200,55000,97.0,2469,2023-04-11T23:36,0,52200
352,2998775,83,142200,158000,96.0,511,2023-04-11T23:36,0,142200
353,1576725,84,137000,197000,97.0,5247,2023-04-11T23:36,0,137000
354,1090160,85,99000,0,97.0,1316,2023-04-11T23:36,0,99000
355,2930265,86,91000,0,97.0,596,2023-04-11T23:36,0,91000
356,2630526,87,100000,0,96.0,644,2023-04-11T23:36,-5000,95000
357,3045081,88,54600,84000,96.0,259,2023-04-11T23:36,-2730,51870
358,2757112,89,359000,0,93.0,98,2023-04-11T23:36,0,359000
359,2767263,90,72800,112000,95.0,414,2023-04-11T23:36,-3640,69160
360,2469965,1,59900,149000,96.0,1090,2023-04-11T23:36,0,59900
361,969541,2,69000,0,97.0,29745,2023-04-11T23:36,0,69000
362,1762406,3,260000,0,98.0,3391,2023-04-11T23:36,0,260000
363,2545799,4,149000,0,98.0,2169,2023-04-11T23:36,0,149000
364,2638067,5,99000,139000,97.0,3147,2023-04-11T23:36,0,99000
365,1762407,6,260000,0,97.0,3322,2023-04-11T23:36,0,260000
366,810034,7,85500,95000,97.0,45283,2023-04-11T23:36,0,85500
367,311052,8,53100,59000,97.0,41274,2023-04-11T23:36,0,53100
368,2293400,9,129000,0,96.0,1014,2023-04-11T23:36,0,129000
369,1622068,10,119000,0,97.0,6686,2023-04-11T23:36,0,119000
370,1622069,11,119000,0,98.0,5848,2023-04-11T23:36,0,119000
371,186610,12,75900,85000,97.0,16602,2023-04-11T23:36,0,75900
372,2731878,13,44900,79000,97.0,1731,2023-04-11T23:36,0,44900
373,2320478,14,129000,0,97.0,527,2023-04-11T23:36,0,129000
374,490136,15,56900,95000,98.0,2392,2023-04-11T23:36,0,56900
375,810033,16,89100,99000,97.0,34287,2023-04-11T23:36,0,89100
376,1990244,17,129000,0,98.0,1114,2023-04-11T23:36,0,129000
377,3030422,18,139000,0,96.0,866,2023-04-11T23:36,0,139000
378,1900410,19,129000,0,97.0,4917,2023-04-11T23:36,0,129000
379,2785168,20,179000,0,99.0,23,2023-04-11T23:36,0,179000
380,181907,21,89900,119000,97.0,7158,2023-04-11T23:36,0,89900
381,577636,22,99900,139000,95.0,31245,2023-04-11T23:36,0,99900
382,2233180,23,75900,109000,97.0,14254,2023-04-11T23:36,0,75900
383,2741233,24,109000,0,97.0,2757,2023-04-11T23:36,0,109000
384,2855992,25,159000,0,97.0,569,2023-04-11T23:36,0,159000
385,1231944,26,119000,0,97.0,1340,2023-04-11T23:36,0,119000
386,810032,27,85500,95000,97.0,13771,2023-04-11T23:36,0,85500
387,716244,28,69900,95000,98.0,1254,2023-04-11T23:36,0,69900
388,1473136,29,119900,149000,97.0,10792,2023-04-11T23:36,0,119900
389,3024528,30,132050,139000,96.0,109,2023-04-11T23:36,0,132050
390,2670201,31,39900,109000,97.0,817,2023-04-11T23:36,0,39900
391,3033248,32,109000,0,97.0,662,2023-04-11T23:36,0,109000
392,816033,33,70900,89000,96.0,13345,2023-04-11T23:36,0,70900
393,695334,34,78900,99000,96.0,9438,2023-04-11T23:36,0,78900
394,1493265,35,85500,95000,98.0,4940,2023-04-11T23:36,0,85500
395,311050,36,53100,59000,97.0,9075,2023-04-11T23:36,0,53100
396,2161992,37,69900,95000,97.0,3365,2023-04-11T23:36,0,69900
397,2786814,38,149000,0,97.0,196,2023-04-11T23:36,0,149000
398,1130307,39,109000,0,97.0,6061,2023-04-11T23:36,0,109000
399,1296778,40,99000,0,98.0,2141,2023-04-11T23:36,0,99000
400,1494180,41,71100,79000,95.0,5266,2023-04-11T23:36,0,71100
401,1900420,42,129000,0,96.0,1514,2023-04-11T23:36,0,129000
402,2909715,43,119000,0,97.0,104,2023-04-11T23:36,0,119000
403,2233178,44,75900,109000,97.0,4972,2023-04-11T23:36,0,75900
404,3079037,45,195000,0,97.0,268,2023-04-11T23:36,0,195000
405,2631192,46,98100,109000,98.0,399,2023-04-11T23:36,0,98100
406,1256468,47,109000,0,97.0,3567,2023-04-11T23:36,0,109000
407,2778805,48,99000,0,97.0,1024,2023-04-11T23:36,0,99000
408,311051,49,58500,65000,97.0,19587,2023-04-11T23:36,0,58500
409,1296776,50,99000,0,98.0,2947,2023-04-11T23:36,0,99000
410,490135,51,75900,95000,97.0,3320,2023-04-11T23:36,0,75900
411,1522890,52,200000,0,97.0,30,2023-04-11T23:36,0,200000
412,2229208,53,109000,0,97.0,1617,2023-04-11T23:36,0,109000
413,2737457,54,230000,0,98.0,472,2023-04-11T23:36,0,230000
414,3091287,55,119000,0,98.0,336,2023-04-11T23:36,0,119000
415,3119612,56,129000,0,97.0,14,2023-04-11T23:36,0,129000
416,102620,57,69000,0,97.0,17929,2023-04-11T23:36,0,69000
417,2493214,58,169000,0,98.0,186,2023-04-11T23:36,0,169000
418,1729744,59,76500,85000,97.0,3377,2023-04-11T23:36,0,76500
419,2670200,60,39900,109000,97.0,1101,2023-04-11T23:36,0,39900
420,2297397,61,129000,0,96.0,218,2023-04-11T23:36,0,129000
421,1798273,62,75000,119000,96.0,1193,2023-04-11T23:36,0,75000
422,2070761,63,329000,0,98.0,371,2023-04-11T23:36,0,329000
423,3023097,64,230000,0,98.0,105,2023-04-11T23:36,0,230000
424,2673444,65,49900,149000,95.0,347,2023-04-11T23:36,0,49900
425,3172975,66,260000,0,100.0,8,2023-04-11T23:36,0,260000
426,3096431,67,139000,0,99.0,57,2023-04-11T23:36,0,139000
427,2469964,68,59900,149000,95.0,223,2023-04-11T23:36,0,59900
428,490091,69,47900,69000,97.0,1032,2023-04-11T23:36,0,47900
429,2068678,70,129000,0,96.0,933,2023-04-11T23:36,0,129000
430,2207771,71,66900,89000,95.0,479,2023-04-11T23:36,0,66900
431,1868015,72,129000,0,97.0,1952,2023-04-11T23:36,0,129000
432,3172974,73,260000,0,100.0,7,2023-04-11T23:36,0,260000
433,2861392,74,124900,139000,97.0,608,2023-04-11T23:36,0,124900
434,2239046,75,306000,0,98.0,258,2023-04-11T23:36,-45900,260100
435,1478592,76,75900,95000,97.0,3047,2023-04-11T23:36,0,75900
436,922322,77,95000,0,95.0,9582,2023-04-11T23:36,0,95000
437,2139107,78,64900,89000,95.0,414,2023-04-11T23:36,0,64900
438,2266983,79,85500,95000,98.0,457,2023-04-11T23:36,0,85500
439,3092490,80,149000,0,97.0,7,2023-04-11T23:36,0,149000
440,3081253,81,112900,129000,95.0,92,2023-04-11T23:36,0,112900
441,957758,82,89000,0,97.0,4518,2023-04-11T23:36,0,89000
442,2312772,83,69900,139800,96.0,1395,2023-04-11T23:36,-13980,55920
443,2891062,84,47400,79000,98.0,123,2023-04-11T23:36,0,47400
444,1594352,85,85000,0,97.0,5591,2023-04-11T23:36,0,85000
445,1492897,86,75000,0,96.0,3153,2023-04-11T23:36,0,75000
446,810036,87,85500,95000,97.0,5138,2023-04-11T23:36,0,85500
447,1718449,88,85500,95000,97.0,2102,2023-04-11T23:36,0,85500
448,3200836,89,179000,0,100.0,17,2023-04-11T23:36,0,179000
449,2819014,90,49900,79000,95.0,179,2023-04-11T23:36,0,49900
450,3192443,1,77420,98000,97.0,24,2023-04-11T23:36,-7742,69678
451,1092992,2,69000,0,97.0,37973,2023-04-11T23:36,0,69000
452,3124961,3,62100,69000,98.0,127,2023-04-11T23:36,-3105,58995
453,3134621,4,136800,152000,100.0,9,2023-04-11T23:36,-6840,129960
454,3062046,5,78300,87000,96.0,155,2023-04-11T23:36,-3915,74385
455,3061996,6,88200,98000,98.0,103,2023-04-11T23:36,-4410,83790
456,3134606,7,125100,139000,100.0,1,2023-04-11T23:36,-6255,118845
457,2091749,8,80100,89000,95.0,6268,2023-04-11T23:36,0,80100
458,2383245,9,99000,0,98.0,829,2023-04-11T23:36,-19800,79200
459,1720813,10,149000,0,97.0,469,2023-04-11T23:36,-7450,141550
460,2433538,11,84660,102000,96.0,2410,2023-04-11T23:36,0,84660
461,1339622,12,42900,59000,97.0,16367,2023-04-11T23:36,0,42900
462,1720822,13,209000,0,97.0,304,2023-04-11T23:36,-10450,198550
463,2816812,14,119900,0,92.0,1548,2023-04-11T23:36,0,119900
464,595039,15,210000,0,97.0,3530,2023-04-11T23:36,0,210000
465,2621831,16,59800,85000,95.0,723,2023-04-11T23:36,-2990,56810
466,2378989,17,159000,0,95.0,24,2023-04-11T23:36,-31800,127200
467,1129750,18,69000,0,97.0,3937,2023-04-11T23:36,0,69000
468,2432733,19,44900,59000,97.0,2853,2023-04-11T23:36,0,44900
469,595040,20,210000,0,95.0,8746,2023-04-11T23:36,0,210000
470,3161736,21,67900,158000,99.0,153,2023-04-11T23:36,-13580,54320
471,2435822,22,99000,0,97.0,256,2023-04-11T23:36,-19800,79200
472,3062069,23,71100,79000,97.0,54,2023-04-11T23:36,-3555,67545
473,2379000,24,159000,0,97.0,114,2023-04-11T23:36,-31800,127200
474,2624538,25,40900,59000,97.0,1502,2023-04-11T23:36,0,40900
475,2101924,26,99900,0,96.0,1383,2023-04-11T23:36,0,99900
476,2363570,27,39900,55000,97.0,1051,2023-04-11T23:36,0,39900
477,1439535,28,49000,0,96.0,16341,2023-04-11T23:36,0,49000
478,2736110,29,154000,220000,98.0,129,2023-04-11T23:36,0,154000
479,1890398,30,138000,168000,96.0,2736,2023-04-11T23:36,0,138000
480,2650879,31,169000,0,100.0,21,2023-04-11T23:36,0,169000
481,3130686,32,169000,0,0.0,0,2023-04-11T23:36,0,169000
482,1568047,33,159000,0,95.0,12027,2023-04-11T23:36,-31800,127200
483,1699941,34,67150,79000,97.0,4881,2023-04-11T23:36,-3358,63792
484,3049313,35,57100,64900,97.0,619,2023-04-11T23:36,0,57100
485,1262089,36,300000,0,97.0,1592,2023-04-11T23:36,0,300000
486,3097632,37,95000,0,92.0,5,2023-04-11T23:36,0,95000
487,1815709,38,138000,168000,96.0,7135,2023-04-11T23:36,0,138000
488,2664373,39,65000,0,96.0,1030,2023-04-11T23:36,0,65000
489,685185,40,148000,198000,95.0,12504,2023-04-11T23:36,0,148000
490,2735953,41,207000,230000,98.0,426,2023-04-11T23:36,0,207000
491,451851,42,268000,0,97.0,1954,2023-04-11T23:36,0,268000
492,1562990,43,230000,0,96.0,1282,2023-04-11T23:36,0,230000
493,2818751,44,1110000,0,0.0,0,2023-04-11T23:36,0,1110000
494,2902065,45,1178000,1290000,100.0,2,2023-04-11T23:36,0,1178000
495,2910082,46,265500,295000,98.0,487,2023-04-11T23:36,0,265500
496,1926895,47,44000,108000,93.0,4194,2023-04-11T23:36,-8800,35200
497,3097625,48,95000,0,90.0,6,2023-04-11T23:36,0,95000
498,2143833,49,89640,108000,96.0,2428,2023-04-11T23:36,0,89640
499,3132539,50,69000,0,100.0,2,2023-04-11T23:36,0,69000
500,2340324,51,179100,199000,98.0,193,2023-04-11T23:36,0,179100
501,607298,52,53600,59000,93.0,15586,2023-04-11T23:36,0,53600
502,3132471,53,79000,0,97.0,17,2023-04-11T23:36,0,79000
503,2518112,54,87150,105000,96.0,985,2023-04-11T23:36,0,87150
504,2237841,55,195000,0,98.0,65,2023-04-11T23:36,0,195000
505,2378994,56,159000,0,96.0,13,2023-04-11T23:36,-31800,127200
506,3134563,57,88200,98000,90.0,6,2023-04-11T23:36,-4410,83790
507,1762562,58,98100,109000,95.0,304,2023-04-11T23:36,0,98100
508,2736221,59,104500,110000,96.0,273,2023-04-11T23:36,0,104500
509,1262092,60,250000,0,96.0,773,2023-04-11T23:36,0,250000
510,1724193,61,251900,280000,98.0,1480,2023-04-11T23:36,0,251900
511,2742641,62,865800,1443000,0.0,0,2023-04-11T23:36,0,865800
512,1438359,63,98000,0,97.0,1191,2023-04-11T23:36,0,98000
513,451852,64,268000,0,96.0,375,2023-04-11T23:36,0,268000
514,3093902,65,169000,0,98.0,21,2023-04-11T23:36,0,169000
515,1730340,66,258000,0,97.0,4210,2023-04-11T23:36,0,258000
516,2419871,67,44900,59000,97.0,925,2023-04-11T23:36,0,44900
517,2664372,68,65000,0,97.0,1077,2023-04-11T23:36,0,65000
518,3126904,69,99000,0,100.0,19,2023-04-11T23:36,-19800,79200
519,2101922,70,101890,119900,96.0,1892,2023-04-11T23:36,0,101890
520,2091779,71,75600,89000,97.0,1000,2023-04-11T23:36,0,75600
521,501198,72,139000,0,95.0,2747,2023-04-11T23:36,0,139000
522,1215246,73,54300,110000,95.0,374,2023-04-11T23:36,0,54300
523,3052437,74,139500,155000,97.0,52,2023-04-11T23:36,0,139500
524,1439527,75,49000,0,95.0,13439,2023-04-11T23:36,0,49000
525,1419869,76,70300,74000,95.0,10577,2023-04-11T23:36,0,70300
526,1334438,77,170000,0,96.0,4413,2023-04-11T23:36,0,170000
527,2448938,78,230000,0,96.0,23,2023-04-11T23:36,0,230000
528,1548618,79,152000,198000,96.0,3300,2023-04-11T23:36,0,152000
529,2101923,80,99900,0,96.0,618,2023-04-11T23:36,0,99900
530,1891202,81,165000,0,98.0,95,2023-04-11T23:36,-8250,156750
531,716088,82,218000,0,96.0,105,2023-04-11T23:36,0,218000
532,785345,83,210000,0,97.0,179,2023-04-11T23:36,0,210000
533,1754219,84,31200,39000,96.0,2271,2023-04-11T23:36,0,31200
534,2589483,85,65000,0,97.0,1321,2023-04-11T23:36,0,65000
535,2434795,86,39900,59000,97.0,1506,2023-04-11T23:36,0,39900
536,2306631,87,24900,0,96.0,2127,2023-04-11T23:36,0,24900
537,1220559,88,320000,0,97.0,21,2023-04-11T23:36,0,320000
538,2355318,89,109900,0,96.0,650,2023-04-11T23:36,0,109900
539,1438345,90,123000,0,93.0,548,2023-04-11T23:36,0,123000
540,1214164,1,36000,0,96.0,24962,2023-04-11T23:36,0,36000
541,2134140,2,39000,0,97.0,3555,2023-04-11T23:36,0,39000
542,2280117,3,35100,39000,97.0,6322,2023-04-11T23:36,0,35100
543,1822717,4,56050,59000,97.0,4317,2023-04-11T23:36,0,56050
544,1272626,5,36000,0,96.0,14158,2023-04-11T23:36,0,36000
545,2356713,6,39000,0,97.0,1476,2023-04-11T23:36,0,39000
546,2879419,7,46900,55000,98.0,747,2023-04-11T23:36,0,46900
547,1214174,8,36000,0,97.0,15051,2023-04-11T23:36,0,36000
548,1920929,9,39000,0,97.0,3988,2023-04-11T23:36,0,39000
549,1771137,10,26100,29000,97.0,12551,2023-04-11T23:36,0,26100
550,1214173,11,36000,0,96.0,5575,2023-04-11T23:36,0,36000
551,2356711,12,39000,0,98.0,1505,2023-04-11T23:36,0,39000
552,2134158,13,39000,0,97.0,2517,2023-04-11T23:36,0,39000
553,1214109,14,36000,0,97.0,8142,2023-04-11T23:36,0,36000
554,1022014,15,79000,0,96.0,11457,2023-04-11T23:36,0,79000
555,2123132,16,39000,0,97.0,6412,2023-04-11T23:36,-3900,35100
556,2864918,17,49000,0,99.0,133,2023-04-11T23:36,0,49000
557,1214317,18,36000,0,97.0,11497,2023-04-11T23:36,0,36000
558,1771132,19,26100,29000,96.0,5272,2023-04-11T23:36,0,26100
559,2104959,20,35700,42000,96.0,282,2023-04-11T23:36,0,35700
560,2879425,21,46900,55000,98.0,310,2023-04-11T23:36,0,46900
561,1214169,22,36000,0,97.0,5338,2023-04-11T23:36,0,36000
562,2286829,23,37000,0,95.0,4982,2023-04-11T23:36,0,37000
563,1925814,24,35100,39000,96.0,1668,2023-04-11T23:36,0,35100
564,2104958,25,35700,42000,97.0,380,2023-04-11T23:36,0,35700
565,2672186,26,20900,30000,96.0,586,2023-04-11T23:36,-2299,18601
566,1771133,27,26100,29000,97.0,5713,2023-04-11T23:36,0,26100
567,2329375,28,34710,39000,96.0,2105,2023-04-11T23:36,0,34710
568,2221221,29,35100,39000,96.0,1866,2023-04-11T23:36,0,35100
569,2280146,30,35100,39000,97.0,934,2023-04-11T23:36,0,35100
570,2287131,31,37000,0,95.0,1669,2023-04-11T23:36,0,37000
571,1214106,32,36000,0,96.0,9742,2023-04-11T23:36,0,36000
572,3012243,33,29900,39900,98.0,69,2023-04-11T23:36,0,29900
573,2134287,34,39000,0,98.0,711,2023-04-11T23:36,0,39000
574,2089719,35,36000,0,97.0,2414,2023-04-11T23:36,0,36000
575,2324667,36,35700,42000,97.0,97,2023-04-11T23:36,0,35700
576,2754059,37,35700,42000,97.0,39,2023-04-11T23:36,0,35700
577,2028240,38,39000,0,98.0,3356,2023-04-11T23:36,0,39000
578,2356693,39,39000,0,97.0,1535,2023-04-11T23:36,0,39000
579,1497550,40,29600,37000,95.0,5688,2023-04-11T23:36,0,29600
580,2324622,41,35700,42000,96.0,80,2023-04-11T23:36,0,35700
581,1855444,42,39900,42000,97.0,3025,2023-04-11T23:36,0,39900
582,1022013,43,79000,0,96.0,6272,2023-04-11T23:36,0,79000
583,2879417,44,46900,55000,98.0,210,2023-04-11T23:36,0,46900
584,2687157,45,45000,0,97.0,1051,2023-04-11T23:36,0,45000
585,2324623,46,35700,42000,97.0,70,2023-04-11T23:36,0,35700
586,1214171,47,36000,0,97.0,1713,2023-04-11T23:36,0,36000
587,2864774,48,49000,0,98.0,92,2023-04-11T23:36,0,49000
588,1907733,49,29900,39000,96.0,3861,2023-04-11T23:36,0,29900
589,2384630,50,42000,0,98.0,764,2023-04-11T23:36,0,42000
590,3092054,51,49000,0,0.0,0,2023-04-11T23:36,0,49000
591,2707659,52,42000,0,97.0,526,2023-04-11T23:36,0,42000
592,1452917,53,69000,0,96.0,2419,2023-04-11T23:36,0,69000
593,3064026,54,35700,42000,100.0,4,2023-04-11T23:36,0,35700
594,1335132,55,29000,0,95.0,1114,2023-04-11T23:36,0,29000
595,2859190,56,37000,0,96.0,436,2023-04-11T23:36,0,37000
596,1602670,57,56050,59000,97.0,743,2023-04-11T23:36,0,56050
597,1214193,58,39000,0,97.0,15363,2023-04-11T23:36,0,39000
598,3092582,59,37800,42000,99.0,34,2023-04-11T23:36,0,37800
599,2381935,60,472000,590000,0.0,0,2023-04-11T23:36,0,472000
600,2560668,61,58650,69000,97.0,1254,2023-04-11T23:36,0,58650
601,3019422,62,119000,0,96.0,5,2023-04-11T23:36,0,119000
602,2650964,63,46900,53000,98.0,193,2023-04-11T23:36,0,46900
603,1906772,64,39900,42000,97.0,3089,2023-04-11T23:36,0,39900
604,2715553,65,68000,0,95.0,263,2023-04-11T23:36,0,68000
605,2591291,66,39200,49000,97.0,1026,2023-04-11T23:36,0,39200
606,2573131,67,39900,42000,98.0,702,2023-04-11T23:36,0,39900
607,1524720,68,36000,0,96.0,3390,2023-04-11T23:36,0,36000
608,1086824,69,29600,37000,95.0,18631,2023-04-11T23:36,0,29600
609,2926042,70,68000,0,96.0,17,2023-04-11T23:36,0,68000
610,1760824,71,49700,59000,97.0,310,2023-04-11T23:36,0,49700
611,2996006,72,46900,55000,99.0,54,2023-04-11T23:36,0,46900
612,3132854,73,166000,235000,0.0,0,2023-04-11T23:36,0,166000
613,2053753,74,42000,0,98.0,4143,2023-04-11T23:36,0,42000
614,2294104,75,33250,35000,94.0,641,2023-04-11T23:36,0,33250
615,1939301,76,39000,0,97.0,809,2023-04-11T23:36,0,39000
616,2169131,77,35100,39000,96.0,446,2023-04-11T23:36,0,35100
617,2107999,78,36000,0,97.0,2683,2023-04-11T23:36,0,36000
618,1945782,79,56000,0,97.0,2511,2023-04-11T23:36,0,56000
619,363169,80,17900,26000,95.0,4360,2023-04-11T23:36,0,17900
620,2356692,81,39000,0,97.0,485,2023-04-11T23:36,0,39000
621,2922090,82,52000,0,95.0,74,2023-04-11T23:36,0,52000
622,3142351,83,49000,0,100.0,21,2023-04-11T23:36,0,49000
623,2289281,84,28500,38000,96.0,885,2023-04-11T23:36,0,28500
624,2329376,85,34710,39000,96.0,597,2023-04-11T23:36,0,34710
625,1214316,86,36000,0,97.0,1991,2023-04-11T23:36,0,36000
626,2922336,87,52000,0,97.0,151,2023-04-11T23:36,0,52000
627,3042425,88,89000,0,100.0,4,2023-04-11T23:36,0,89000
628,3095040,89,65000,0,100.0,4,2023-04-11T23:36,0,65000
629,3118092,90,38700,43000,98.0,18,2023-04-11T23:36,-1935,36765
630,3148943,1,399000,0,0.0,0,2023-04-11T23:36,0,399000
631,3008191,2,348000,498000,100.0,1,2023-04-11T23:36,-45240,302760
632,3008189,3,334000,478000,100.0,6,2023-04-11T23:36,-43420,290580
633,3059119,4,161100,179000,92.0,24,2023-04-11T23:36,-24165,136935
634,3081772,5,189000,0,0.0,0,2023-04-11T23:36,0,189000
635,1579103,6,126400,158000,96.0,99,2023-04-11T23:36,0,126400
636,3196917,7,151050,159000,0.0,0,2023-04-11T23:36,-7553,143497
637,2605850,8,94000,0,97.0,168,2023-04-11T23:36,0,94000
638,1103286,9,94000,0,94.0,781,2023-04-11T23:36,0,94000
639,3106487,10,148000,0,99.0,26,2023-04-11T23:36,0,148000
640,3083230,11,159000,0,100.0,5,2023-04-11T23:36,0,159000
641,2781049,12,514000,1285000,100.0,3,2023-04-11T23:36,0,514000
642,2457511,13,339000,0,100.0,17,2023-04-11T23:36,0,339000
643,3190601,14,334000,478000,0.0,0,2023-04-11T23:36,-43420,290580
644,3130633,15,149000,0,100.0,6,2023-04-11T23:36,0,149000
645,3008190,16,334000,478000,100.0,1,2023-04-11T23:36,-43420,290580
646,3190603,17,292000,418000,0.0,0,2023-04-11T23:36,-37960,254040
647,2512635,18,35400,59000,96.0,211,2023-04-11T23:36,0,35400
648,2492543,19,169000,0,95.0,13,2023-04-11T23:36,-25350,143650
649,3149931,20,109000,0,100.0,1,2023-04-11T23:36,0,109000
650,3171882,21,149000,0,100.0,2,2023-04-11T23:36,0,149000
651,3122381,22,151200,168000,93.0,6,2023-04-11T23:36,-22680,128520
652,3138205,23,139500,155000,0.0,0,2023-04-11T23:36,-6975,132525
653,3137343,24,139000,0,0.0,0,2023-04-11T23:36,0,139000
654,2478652,25,56500,68000,94.0,329,2023-04-11T23:36,-11300,45200
655,2457512,26,237300,339000,98.0,37,2023-04-11T23:36,0,237300
656,3203197,27,264000,0,0.0,0,2023-04-11T23:36,0,264000
657,3102177,28,230000,0,100.0,1,2023-04-11T23:36,0,230000
658,2568529,29,220000,0,100.0,10,2023-04-11T23:36,0,220000
659,3120621,30,197100,219000,100.0,1,2023-04-11T23:36,-29565,167535
660,2388209,31,94000,0,96.0,158,2023-04-11T23:36,0,94000
661,3098634,32,222740,259000,0.0,0,2023-04-11T23:36,-33411,189329
662,2396014,33,83000,0,96.0,41,2023-04-11T23:36,0,83000
663,1779568,34,54400,64000,95.0,292,2023-04-11T23:36,-10880,43520
664,3054335,35,233100,259000,0.0,0,2023-04-11T23:36,0,233100
665,3073259,36,196200,218000,100.0,5,2023-04-11T23:36,-29430,166770
666,2756408,37,218500,230000,90.0,2,2023-04-11T23:36,0,218500
667,3174221,38,188100,209000,0.0,0,2023-04-11T23:36,-28215,159885
668,3126193,39,63200,79000,100.0,3,2023-04-11T23:36,-12640,50560
669,1530727,40,219000,0,0.0,0,2023-04-11T23:36,0,219000
670,3096975,41,199000,0,0.0,0,2023-04-11T23:36,0,199000
671,3031171,42,68000,0,98.0,54,2023-04-11T23:36,-3400,64600
672,3030948,43,68000,0,99.0,35,2023-04-11T23:36,-3400,64600
673,2738747,44,205200,228000,96.0,5,2023-04-11T23:36,0,205200
674,3093948,45,199000,0,0.0,0,2023-04-11T23:36,0,199000
675,3201469,46,159000,0,0.0,0,2023-04-11T23:36,0,159000
676,3130645,47,119000,0,100.0,1,2023-04-11T23:36,0,119000
677,2568590,48,185000,0,100.0,5,2023-04-11T23:36,0,185000
678,3115367,49,196200,218000,0.0,0,2023-04-11T23:36,0,196200
679,3139096,50,198000,0,0.0,0,2023-04-11T23:36,0,198000
680,2324202,51,198000,0,0.0,0,2023-04-11T23:36,0,198000
681,3073253,52,196200,218000,0.0,0,2023-04-11T23:36,-29430,166770
682,2452062,53,98100,109000,97.0,43,2023-04-11T23:36,0,98100
683,3105576,54,189000,0,100.0,2,2023-04-11T23:36,0,189000
684,3174225,55,161100,179000,0.0,0,2023-04-11T23:36,-24165,136935
685,3141052,56,163000,0,80.0,1,2023-04-11T23:36,0,163000
686,2665912,57,188000,0,0.0,0,2023-04-11T23:36,0,188000
687,2027250,58,189000,0,0.0,0,2023-04-11T23:36,0,189000
688,2411380,59,182400,228000,100.0,2,2023-04-11T23:36,0,182400
689,2555353,60,189000,0,0.0,0,2023-04-11T23:36,0,189000
690,3055337,61,159000,0,100.0,1,2023-04-11T23:36,0,159000
691,1455772,62,94000,0,96.0,210,2023-04-11T23:36,0,94000
692,3138201,63,139500,155000,0.0,0,2023-04-11T23:36,-6975,132525
693,3054356,64,178200,198000,100.0,1,2023-04-11T23:36,0,178200
694,3153593,65,151200,168000,100.0,1,2023-04-11T23:36,-22680,128520
695,3173636,66,160200,178000,0.0,0,2023-04-11T23:36,0,160200
696,3206552,67,106400,112000,0.0,0,2023-04-11T23:36,0,106400
697,2457508,68,153300,219000,97.0,31,2023-04-11T23:36,0,153300
698,2703252,69,167300,239000,96.0,12,2023-04-11T23:36,-25095,142205
699,2661803,70,169000,0,100.0,2,2023-04-11T23:36,0,169000
700,3099001,71,159000,0,0.0,0,2023-04-11T23:36,0,159000
701,3062223,72,169200,188000,0.0,0,2023-04-11T23:36,-25380,143820
702,1948664,73,164250,219000,0.0,0,2023-04-11T23:36,-29565,134685
703,1968720,74,154000,0,90.0,4,2023-04-11T23:36,0,154000
704,1871030,75,133600,167000,95.0,100,2023-04-11T23:36,0,133600
705,3169642,76,158000,0,0.0,0,2023-04-11T23:36,0,158000
706,3152244,77,159000,0,0.0,0,2023-04-11T23:36,0,159000
707,3203938,78,159000,0,0.0,0,2023-04-11T23:36,0,159000
708,2506458,79,160000,229000,100.0,1,2023-04-11T23:36,0,160000
709,3147449,80,154000,0,0.0,0,2023-04-11T23:36,0,154000
710,3138202,81,139500,155000,0.0,0,2023-04-11T23:36,-6975,132525
711,3037449,82,199000,0,80.0,3,2023-04-11T23:36,0,199000
712,3152277,83,119000,178000,0.0,0,2023-04-11T23:36,0,119000
713,2585469,84,145000,0,100.0,3,2023-04-11T23:36,0,145000
714,3085850,85,128000,0,0.0,0,2023-04-11T23:36,0,128000
715,3173656,86,160200,178000,0.0,0,2023-04-11T23:36,0,160200
716,2555015,87,149000,0,60.0,2,2023-04-11T23:36,0,149000
717,1955893,88,65100,93000,91.0,39,2023-04-11T23:36,0,65100
718,2934360,89,146300,209000,0.0,0,2023-04-11T23:36,0,146300
719,2558143,90,143200,179000,100.0,7,2023-04-11T23:36,0,143200
720,2978105,1,49900,0,92.0,5,2023-04-11T23:36,-4990,44910
721,2978106,2,49900,0,0.0,0,2023-04-11T23:36,-4990,44910
722,3101516,3,122500,129000,100.0,4,2023-04-11T23:36,-24500,98000
723,2830788,4,139000,0,96.0,26,2023-04-11T23:36,0,139000
724,3190568,5,278000,398000,0.0,0,2023-04-11T23:36,-36140,241860
725,3112848,6,247000,260000,100.0,2,2023-04-11T23:36,-37050,209950
726,3120581,7,152100,169000,100.0,1,2023-04-11T23:36,-22815,129285
727,2378594,8,88200,98000,95.0,128,2023-04-11T23:36,0,88200
728,2551401,9,37900,0,94.0,323,2023-04-11T23:36,0,37900
729,2713339,10,141000,470000,100.0,1,2023-04-11T23:36,0,141000
730,2864414,11,69300,99000,95.0,93,2023-04-11T23:36,0,69300
731,3000422,12,59000,0,98.0,30,2023-04-11T23:36,0,59000
732,3212541,13,398000,0,0.0,0,2023-04-11T23:36,-59700,338300
733,3106757,14,396000,0,0.0,0,2023-04-11T23:36,-59400,336600
734,2495831,15,389000,0,93.0,3,2023-04-11T23:36,-58350,330650
735,3147460,16,378000,0,0.0,0,2023-04-11T23:36,-56700,321300
736,3058718,17,86400,96000,98.0,13,2023-04-11T23:36,-12960,73440
737,2496634,18,358000,0,100.0,2,2023-04-11T23:36,-53700,304300
738,2496724,19,358000,0,100.0,1,2023-04-11T23:36,-53700,304300
739,1944554,20,31290,36900,96.0,543,2023-04-11T23:36,0,31290
740,2258937,21,350000,0,100.0,2,2023-04-11T23:36,-52500,297500
741,2664567,22,173000,0,100.0,2,2023-04-11T23:36,0,173000
742,3031104,23,55200,69000,98.0,60,2023-04-11T23:36,0,55200
743,3118979,24,318000,0,0.0,0,2023-04-11T23:36,-47700,270300
744,2798672,25,298000,0,100.0,1,2023-04-11T23:36,-44700,253300
745,3133721,26,146000,154000,100.0,1,2023-04-11T23:36,-29200,116800
746,2836351,27,46080,72000,96.0,463,2023-04-11T23:36,-4608,41472
747,2925522,28,58500,65000,95.0,114,2023-04-11T23:36,0,58500
748,2891918,29,265300,379000,100.0,3,2023-04-11T23:36,0,265300
749,3093403,30,149000,0,100.0,10,2023-04-11T23:36,0,149000
750,3190573,31,264000,378000,0.0,0,2023-04-11T23:36,-34320,229680
751,2920558,32,298000,0,0.0,0,2023-04-11T23:36,-44700,253300
752,1819994,33,36500,43000,92.0,660,2023-04-11T23:36,-3650,32850
753,3215803,34,290000,0,0.0,0,2023-04-11T23:36,-14500,275500
754,3186035,35,143100,159000,0.0,0,2023-04-11T23:36,-21465,121635
755,3040758,36,82000,111000,98.0,11,2023-04-11T23:36,-16400,65600
756,1944553,37,36900,0,96.0,217,2023-04-11T23:36,-3690,33210
757,2962301,38,280000,373000,0.0,0,2023-04-11T23:36,0,280000
758,2816861,39,255200,319000,0.0,0,2023-04-11T23:36,0,255200
759,3037454,40,149000,0,96.0,5,2023-04-11T23:36,0,149000
760,2713348,41,259000,370000,0.0,0,2023-04-11T23:36,0,259000
761,3112845,42,247000,260000,0.0,0,2023-04-11T23:36,-37050,209950
762,2535468,43,236600,338000,100.0,6,2023-04-11T23:36,-30758,205842
763,3077493,44,238000,0,100.0,1,2023-04-11T23:36,-35700,202300
764,2978103,45,47900,0,96.0,6,2023-04-11T23:36,0,47900
765,2612023,46,219000,0,0.0,0,2023-04-11T23:36,0,219000
766,3105350,47,48800,65000,96.0,6,2023-04-11T23:36,-7320,41480
767,2377805,48,178200,198000,94.0,20,2023-04-11T23:36,-32076,146124
768,2377812,49,188100,198000,96.0,58,2023-04-11T23:36,-33858,154242
769,3126113,50,55300,79000,88.0,10,2023-04-11T23:36,-11060,44240
770,2544046,51,203000,290000,100.0,3,2023-04-11T23:36,-20300,182700
771,1931894,52,37900,0,95.0,519,2023-04-11T23:36,0,37900
772,3144374,53,71100,79000,100.0,3,2023-04-11T23:36,0,71100
773,3142895,54,94050,99000,0.0,0,2023-04-11T23:36,0,94050
774,3133082,55,171000,0,80.0,3,2023-04-11T23:36,0,171000
775,2664568,56,186000,0,100.0,3,2023-04-11T23:36,0,186000
776,2352881,57,63920,79900,98.0,308,2023-04-11T23:36,0,63920
777,3051039,58,95200,119000,100.0,30,2023-04-11T23:36,0,95200
778,3101970,59,158000,0,76.0,5,2023-04-11T23:36,0,158000
779,3073242,60,169200,188000,100.0,4,2023-04-11T23:36,-25380,143820
780,3081766,61,169000,0,100.0,2,2023-04-11T23:36,0,169000
781,3179284,62,174400,218000,0.0,0,2023-04-11T23:36,-26160,148240
782,3122276,63,169200,188000,0.0,0,2023-04-11T23:36,-25380,143820
783,3149629,64,139000,0,0.0,0,2023-04-11T23:36,-20850,118150
784,3034043,65,148000,0,100.0,1,2023-04-11T23:36,0,148000
785,3100900,66,151200,168000,100.0,3,2023-04-11T23:36,-22680,128520
786,3118896,67,64800,72000,100.0,7,2023-04-11T23:36,0,64800
787,2551407,68,37900,0,97.0,173,2023-04-11T23:36,0,37900
788,3072002,69,89600,112000,0.0,0,2023-04-11T23:36,0,89600
789,1645760,70,43900,0,96.0,345,2023-04-11T23:36,0,43900
790,3122278,71,160200,178000,100.0,1,2023-04-11T23:36,-24030,136170
791,3159167,72,162000,0,0.0,0,2023-04-11T23:36,0,162000
792,2448899,73,43900,0,95.0,137,2023-04-11T23:36,0,43900
793,2942714,74,149000,0,0.0,0,2023-04-11T23:36,0,149000
794,3144417,75,71100,79000,0.0,0,2023-04-11T23:36,0,71100
795,2738716,76,151200,168000,94.0,28,2023-04-11T23:36,0,151200
796,2533425,77,32300,38000,96.0,211,2023-04-11T23:36,-3230,29070
797,2836289,78,36580,59000,95.0,216,2023-04-11T23:36,-3658,32922
798,2643318,79,124000,138000,94.0,17,2023-04-11T23:36,-18600,105400
799,3111743,80,54900,69000,100.0,4,2023-04-11T23:36,0,54900
800,3081461,81,159000,0,0.0,0,2023-04-11T23:36,0,159000
801,3067939,82,159600,168000,0.0,0,2023-04-11T23:36,0,159600
802,2017517,83,158000,0,60.0,2,2023-04-11T23:36,0,158000
803,3081769,84,169000,0,0.0,0,2023-04-11T23:36,0,169000
804,3173772,85,88000,0,0.0,0,2023-04-11T23:36,0,88000
805,3193136,86,141550,149000,0.0,0,2023-04-11T23:36,-7078,134472
806,2551400,87,39900,0,93.0,138,2023-04-11T23:36,0,39900
807,2745019,88,152600,218000,92.0,22,2023-04-11T23:36,0,152600
808,2792603,89,43900,0,100.0,53,2023-04-11T23:36,0,43900
809,3092933,90,139000,0,80.0,1,2023-04-11T23:36,0,139000
810,991339,1,17890,19900,97.0,52923,2023-04-11T23:36,0,17890
811,1986031,2,24990,27900,97.0,10644,2023-04-11T23:36,0,24990
812,998051,3,15900,24000,97.0,163245,2023-04-11T23:36,0,15900
813,1094748,4,19900,0,97.0,19168,2023-04-11T23:36,0,19900
814,991340,5,17890,19900,97.0,30906,2023-04-11T23:36,0,17890
815,1477845,6,15400,22000,96.0,9713,2023-04-11T23:36,0,15400
816,763821,7,16900,22000,96.0,31407,2023-04-11T23:36,0,16900
817,1094835,8,14290,15900,97.0,6225,2023-04-11T23:36,0,14290
818,792919,9,15190,16900,96.0,17940,2023-04-11T23:36,0,15190
819,1986029,10,27900,0,97.0,3961,2023-04-11T23:36,0,27900
820,746158,11,22900,0,96.0,20537,2023-04-11T23:36,0,22900
821,1443937,12,12900,24000,97.0,8015,2023-04-11T23:36,0,12900
822,1996705,13,23690,27900,98.0,2696,2023-04-11T23:36,0,23690
823,1821485,14,30000,0,96.0,1271,2023-04-11T23:36,0,30000
824,734085,15,13900,19800,96.0,64883,2023-04-11T23:36,0,13900
825,2297277,16,19900,22000,95.0,299,2023-04-11T23:36,0,19900
826,991341,17,16890,19900,96.0,10234,2023-04-11T23:36,0,16890
827,1996702,18,23690,27900,97.0,1943,2023-04-11T23:36,0,23690
828,2959925,19,22000,27500,99.0,111,2023-04-11T23:36,0,22000
829,2845854,20,13200,18900,97.0,237,2023-04-11T23:36,0,13200
830,3033249,21,15000,0,96.0,209,2023-04-11T23:36,-750,14250
831,746154,22,17900,0,96.0,5187,2023-04-11T23:36,0,17900
832,991570,23,12900,20000,97.0,19090,2023-04-11T23:36,0,12900
833,479245,24,15400,22000,93.0,5410,2023-04-11T23:36,0,15400
834,1342874,25,16900,33000,97.0,12859,2023-04-11T23:36,0,16900
835,2821598,26,19390,22900,97.0,148,2023-04-11T23:36,0,19390
836,2832613,27,11200,33000,97.0,709,2023-04-11T23:36,0,11200
837,1986030,28,23690,27900,97.0,1673,2023-04-11T23:36,0,23690
838,1974077,29,42090,46900,97.0,899,2023-04-11T23:36,0,42090
839,1094750,30,16890,19900,97.0,3559,2023-04-11T23:36,0,16890
840,1729576,31,9900,13900,97.0,16135,2023-04-11T23:36,0,9900
841,2960555,32,19000,0,94.0,105,2023-04-11T23:36,0,19000
842,1346009,33,9900,12000,97.0,6713,2023-04-11T23:36,0,9900
843,1094749,34,19900,0,96.0,4962,2023-04-11T23:36,0,19900
844,2011852,35,21490,23900,97.0,1309,2023-04-11T23:36,0,21490
845,2347097,36,14900,24000,98.0,1574,2023-04-11T23:36,0,14900
846,792920,37,15190,16900,96.0,9668,2023-04-11T23:36,0,15190
847,1094837,38,13490,15900,96.0,1755,2023-04-11T23:36,0,13490
848,1477846,39,15400,22000,96.0,2679,2023-04-11T23:36,0,15400
849,3118094,40,28800,32000,97.0,7,2023-04-11T23:36,0,28800
850,2821588,41,19690,21900,97.0,53,2023-04-11T23:36,0,19690
851,1547562,42,15400,22000,95.0,1366,2023-04-11T23:36,0,15400
852,1573974,43,39790,46900,97.0,1452,2023-04-11T23:36,0,39790
853,1821487,44,30000,0,97.0,679,2023-04-11T23:36,0,30000
854,2959926,45,14850,16500,98.0,146,2023-04-11T23:36,0,14850
855,3009680,46,12590,14900,98.0,120,2023-04-11T23:36,0,12590
856,752821,47,9900,0,94.0,23803,2023-04-11T23:36,0,9900
857,1094836,48,14290,15900,97.0,1319,2023-04-11T23:36,0,14290
858,1062062,49,17890,19900,96.0,1456,2023-04-11T23:36,0,17890
859,746155,50,17900,0,95.0,1267,2023-04-11T23:36,0,17900
860,1358721,51,14900,22000,96.0,1138,2023-04-11T23:36,0,14900
861,2293399,52,19900,22000,95.0,632,2023-04-11T23:36,0,19900
862,1392773,53,16890,19900,95.0,1473,2023-04-11T23:36,0,16890
863,2295818,54,19900,22000,95.0,187,2023-04-11T23:36,0,19900
864,792921,55,15190,16900,95.0,7812,2023-04-11T23:36,0,15190
865,746161,56,22900,0,95.0,7736,2023-04-11T23:36,0,22900
866,2929635,57,16800,27000,97.0,521,2023-04-11T23:36,0,16800
867,472686,58,9900,14800,94.0,729,2023-04-11T23:36,0,9900
868,2798430,59,29000,0,97.0,44,2023-04-11T23:36,0,29000
869,2346958,60,18900,24000,98.0,520,2023-04-11T23:36,0,18900
870,2610915,61,17000,0,95.0,97,2023-04-11T23:36,-2550,14450
871,746159,62,22900,0,95.0,28739,2023-04-11T23:36,0,22900
872,3195569,63,18050,19000,100.0,1,2023-04-11T23:36,0,18050
873,1392772,64,16890,19900,96.0,1141,2023-04-11T23:36,0,16890
874,2342849,65,15120,18900,91.0,124,2023-04-11T23:36,0,15120
875,2973894,66,22000,27500,98.0,27,2023-04-11T23:36,0,22000
876,2973095,67,20000,25000,98.0,27,2023-04-11T23:36,0,20000
877,3130683,68,48000,0,0.0,0,2023-04-11T23:36,0,48000
878,2477852,69,17890,19900,98.0,684,2023-04-11T23:36,0,17890
879,1286366,70,11900,24000,97.0,9808,2023-04-11T23:36,0,11900
880,2821599,71,22900,0,97.0,119,2023-04-11T23:36,0,22900
881,1094834,72,21490,23900,96.0,2461,2023-04-11T23:36,0,21490
882,1346070,73,9900,12000,97.0,1881,2023-04-11T23:36,0,9900
883,2738095,74,19900,0,95.0,108,2023-04-11T23:36,0,19900
884,1260384,75,19900,0,95.0,1803,2023-04-11T23:36,0,19900
885,2551214,76,5900,9900,97.0,218,2023-04-11T23:36,0,5900
886,1360044,77,19900,0,97.0,1760,2023-04-11T23:36,0,19900
887,3103548,78,17100,19000,97.0,8,2023-04-11T23:36,0,17100
888,1777081,79,8000,12800,96.0,1200,2023-04-11T23:36,0,8000
889,3145349,80,19000,0,90.0,2,2023-04-11T23:36,0,19000
890,2584266,81,9900,12000,98.0,408,2023-04-11T23:36,0,9900
891,958997,82,16090,17900,95.0,1410,2023-04-11T23:36,0,16090
892,3112834,83,38000,0,100.0,1,2023-04-11T23:36,-5700,32300
893,3066803,84,34200,38000,95.0,9,2023-04-11T23:36,-6840,27360
894,1842307,85,27900,41700,97.0,684,2023-04-11T23:36,0,27900
895,2821589,86,19690,21900,96.0,39,2023-04-11T23:36,0,19690
896,2912120,87,25000,0,95.0,19,2023-04-11T23:36,0,25000
897,1556774,88,15200,16000,97.0,471,2023-04-11T23:36,0,15200
898,1121544,89,15190,16900,96.0,864,2023-04-11T23:36,0,15190
899,924947,90,15900,19800,96.0,3613,2023-04-11T23:36,0,15900
