,item_id,rank,price,del_price,rating,rating_count,time,coupon,real_price
0,3214281,1,47778,82000,99.0,55,2023-04-22T22:20,-4778,43000
1,3214275,2,47778,82000,100.0,95,2023-04-22T22:20,-4778,43000
2,3214271,3,47778,82000,100.0,35,2023-04-22T22:20,-4778,43000
3,3214276,4,37778,69000,99.0,48,2023-04-22T22:20,-3778,34000
4,3214279,5,37778,69000,96.0,38,2023-04-22T22:20,-3778,34000
5,2272830,6,35910,39900,97.0,20593,2023-04-22T22:20,-10773,25137
6,3214274,7,47778,82000,100.0,37,2023-04-22T22:20,-4778,43000
7,1763157,8,49400,52000,95.0,2874,2023-04-22T22:20,0,49400
8,3214277,9,37778,69000,96.0,38,2023-04-22T22:20,-3778,34000
9,3214282,10,47778,82000,100.0,24,2023-04-22T22:20,-4778,43000
10,1848166,11,44100,49000,97.0,41535,2023-04-22T22:20,-4410,39690
11,3214278,12,37778,69000,100.0,16,2023-04-22T22:20,-3778,34000
12,345889,13,29900,47900,95.0,10337,2023-04-22T22:20,0,29900
13,2623779,14,88200,98000,98.0,62,2023-04-22T22:20,0,88200
14,2442409,15,39000,78000,96.0,9279,2023-04-22T22:20,-5850,33150
15,1944612,16,35800,59700,97.0,3123,2023-04-22T22:20,0,35800
16,2398380,17,22500,45000,96.0,1721,2023-04-22T22:20,0,22500
17,1921901,18,36900,70500,96.0,7734,2023-04-22T22:20,0,36900
18,2086653,19,16900,0,97.0,40727,2023-04-22T22:20,0,16900
19,2479911,20,49400,76000,97.0,4586,2023-04-22T22:20,0,49400
20,3105468,21,79000,0,98.0,138,2023-04-22T22:20,-11850,67150
21,2285512,22,49400,52000,96.0,1824,2023-04-22T22:20,0,49400
22,1388775,23,17890,19900,97.0,11690,2023-04-22T22:20,0,17890
23,2646350,24,59800,94000,95.0,4926,2023-04-22T22:20,-5980,53820
24,2623778,25,88200,98000,99.0,23,2023-04-22T22:20,0,88200
25,3214273,26,47778,82000,96.0,23,2023-04-22T22:20,-4778,43000
26,1884943,27,29900,39000,96.0,19093,2023-04-22T22:20,-4485,25415
27,3187851,28,49900,110000,96.0,394,2023-04-22T22:20,0,49900
28,2453556,29,39900,42000,97.0,6412,2023-04-22T22:20,0,39900
29,1939099,30,29400,49000,97.0,12104,2023-04-22T22:20,0,29400
30,2015684,31,39000,0,94.0,6527,2023-04-22T22:20,0,39000
31,3043740,32,49700,59000,97.0,28,2023-04-22T22:20,0,49700
32,3214272,33,47778,82000,100.0,20,2023-04-22T22:20,-4778,43000
33,2034137,34,31800,0,97.0,18160,2023-04-22T22:20,-4770,27030
34,2377269,35,45000,0,97.0,4281,2023-04-22T22:20,0,45000
35,1388776,36,17890,19900,96.0,8715,2023-04-22T22:20,0,17890
36,1899755,37,29900,39000,96.0,5097,2023-04-22T22:20,-4485,25415
37,1882578,38,35910,39900,97.0,10707,2023-04-22T22:20,0,35910
38,2971734,39,82600,118000,100.0,1,2023-04-22T22:20,0,82600
39,1763123,40,84550,89000,96.0,1699,2023-04-22T22:20,0,84550
40,2492701,41,37800,42000,96.0,786,2023-04-22T22:20,-7560,30240
41,2623767,42,88200,98000,98.0,31,2023-04-22T22:20,0,88200
42,2993383,43,82600,118000,100.0,5,2023-04-22T22:20,0,82600
43,1503352,44,39900,42000,97.0,8558,2023-04-22T22:20,0,39900
44,2376229,45,36000,0,97.0,3915,2023-04-22T22:20,0,36000
45,2375962,46,59000,62000,98.0,5842,2023-04-22T22:20,0,59000
46,3064420,47,61500,69000,98.0,130,2023-04-22T22:20,0,61500
47,2562821,48,81900,91000,97.0,129,2023-04-22T22:20,0,81900
48,2149254,49,37800,0,97.0,34441,2023-04-22T22:20,-5670,32130
49,2560614,50,97300,139000,97.0,727,2023-04-22T22:20,0,97300
50,1779737,51,27200,32000,96.0,7467,2023-04-22T22:20,-4080,23120
51,996177,52,15900,0,95.0,78047,2023-04-22T22:20,0,15900
52,1417691,53,13900,0,97.0,18942,2023-04-22T22:20,0,13900
53,2996536,54,39900,59000,96.0,789,2023-04-22T22:20,0,39900
54,2409894,55,39000,78000,97.0,5280,2023-04-22T22:20,-5850,33150
55,2445771,56,56715,59700,97.0,975,2023-04-22T22:20,-2836,53879
56,1955452,57,39800,69990,95.0,2736,2023-04-22T22:20,0,39800
57,3219911,58,69900,118000,96.0,50,2023-04-22T22:20,0,69900
58,2453552,59,39900,42000,97.0,3092,2023-04-22T22:20,0,39900
59,3143791,60,45900,68000,98.0,696,2023-04-22T22:20,-6885,39015
60,1782647,61,39900,42000,97.0,3593,2023-04-22T22:20,0,39900
61,2623772,62,88200,98000,96.0,26,2023-04-22T22:20,0,88200
62,3176118,63,65550,69000,97.0,54,2023-04-22T22:20,-9833,55717
63,3129723,64,27300,39000,96.0,95,2023-04-22T22:20,-4095,23205
64,2623786,65,88200,98000,98.0,50,2023-04-22T22:20,0,88200
65,3155032,66,24750,45000,96.0,41,2023-04-22T22:20,0,24750
66,994588,67,39900,53000,93.0,6186,2023-04-22T22:20,-3990,35910
67,3227613,68,37778,69000,0.0,0,2023-04-22T22:20,-3778,34000
68,3042516,69,42000,65000,96.0,196,2023-04-22T22:20,0,42000
69,3046771,70,39560,46000,98.0,126,2023-04-22T22:20,-3956,35604
70,2065708,71,59000,62000,98.0,6924,2023-04-22T22:20,0,59000
71,1005683,72,17500,35000,95.0,11102,2023-04-22T22:20,0,17500
72,2376233,73,36000,0,97.0,2307,2023-04-22T22:20,0,36000
73,3105520,74,118150,139000,98.0,18,2023-04-22T22:20,0,118150
74,3157193,75,39000,0,94.0,60,2023-04-22T22:20,-3900,35100
75,2445758,76,56715,59700,98.0,1347,2023-04-22T22:20,-2836,53879
76,1842348,77,79200,99000,96.0,3048,2023-04-22T22:20,-15840,63360
77,2575342,78,39900,59000,96.0,981,2023-04-22T22:20,0,39900
78,3133237,79,22500,50000,96.0,180,2023-04-22T22:20,0,22500
79,1498105,80,189000,0,97.0,2074,2023-04-22T22:20,0,189000
80,2305840,81,56715,59700,97.0,4109,2023-04-22T22:20,-2836,53879
81,3203720,82,40500,45000,99.0,55,2023-04-22T22:20,-8100,32400
82,2406930,83,33600,42000,97.0,3100,2023-04-22T22:20,0,33600
83,3206068,84,52900,74000,98.0,591,2023-04-22T22:20,0,52900
84,1706633,85,199000,0,97.0,2490,2023-04-22T22:20,0,199000
85,2313388,86,68000,85000,96.0,2276,2023-04-22T22:20,0,68000
86,2364807,87,219000,0,96.0,739,2023-04-22T22:20,0,219000
87,2392759,88,39900,49600,95.0,4239,2023-04-22T22:20,-5985,33915
88,2403601,89,32500,50000,96.0,2358,2023-04-22T22:20,-4875,27625
89,2471760,90,35100,39000,97.0,6616,2023-04-22T22:20,-7020,28080
90,1778404,1,39000,45000,96.0,68285,2023-04-22T22:20,-5850,33150
91,1558197,2,69590,81900,97.0,32998,2023-04-22T22:20,0,69590
92,1856181,3,35910,39900,97.0,8227,2023-04-22T22:20,-10773,25137
93,3054935,4,80890,89900,97.0,94,2023-04-22T22:20,0,80890
94,1571879,5,79900,112900,96.0,7269,2023-04-22T22:20,0,79900
95,2329532,6,119200,149000,97.0,4096,2023-04-22T22:20,-11920,107280
96,2061715,7,79900,105000,97.0,2854,2023-04-22T22:20,0,79900
97,2343198,8,116000,129000,97.0,5288,2023-04-22T22:20,-23200,92800
98,3100493,9,139000,0,97.0,81,2023-04-22T22:20,0,139000
99,2471405,10,89000,138000,97.0,2218,2023-04-22T22:20,-8900,80100
100,1776552,11,59000,69000,94.0,6258,2023-04-22T22:20,-8850,50150
101,2732486,12,99000,179000,98.0,833,2023-04-22T22:20,-9900,89100
102,2810080,13,2989000,4880000,100.0,1,2023-04-22T22:20,0,2989000
103,3012082,14,59900,79000,96.0,1231,2023-04-22T22:20,-5990,53910
104,1790383,15,54700,86000,95.0,5870,2023-04-22T22:20,-8205,46495
105,841230,16,154000,172000,96.0,7369,2023-04-22T22:20,0,154000
106,2723218,17,69900,109000,97.0,2957,2023-04-22T22:20,-10485,59415
107,3010527,18,237150,279000,97.0,276,2023-04-22T22:20,0,237150
108,1283757,19,71290,83900,96.0,26915,2023-04-22T22:20,0,71290
109,3051559,20,39000,93000,96.0,31,2023-04-22T22:20,-5850,33150
110,1778408,21,39000,45000,95.0,11950,2023-04-22T22:20,-5850,33150
111,2343199,22,116000,129000,98.0,1925,2023-04-22T22:20,-23200,92800
112,1108007,23,67890,79900,95.0,48016,2023-04-22T22:20,0,67890
113,1530516,24,69900,79000,96.0,2493,2023-04-22T22:20,0,69900
114,1576700,25,89000,129000,97.0,17124,2023-04-22T22:20,-13350,75650
115,3033224,26,59900,74000,97.0,865,2023-04-22T22:20,-5990,53910
116,3055246,27,159000,0,97.0,91,2023-04-22T22:20,0,159000
117,3092775,28,139900,0,100.0,4,2023-04-22T22:20,-20985,118915
118,3092776,29,139900,0,0.0,0,2023-04-22T22:20,-20985,118915
119,1530517,30,69900,79000,96.0,2223,2023-04-22T22:20,0,69900
120,2444808,31,75490,83900,97.0,726,2023-04-22T22:20,0,75490
121,3046899,32,79900,105000,97.0,146,2023-04-22T22:20,0,79900
122,1139192,33,66400,94900,97.0,14541,2023-04-22T22:20,-9960,56440
123,3092774,34,139900,0,98.0,12,2023-04-22T22:20,-20985,118915
124,3241533,35,29500,49000,0.0,0,2023-04-22T22:20,0,29500
125,3048205,36,139200,232000,97.0,124,2023-04-22T22:20,-27840,111360
126,1571878,37,79900,112900,96.0,4820,2023-04-22T22:20,0,79900
127,3051572,38,39000,93000,97.0,50,2023-04-22T22:20,-5850,33150
128,1618312,39,83900,0,97.0,7276,2023-04-22T22:20,-8390,75510
129,3048143,40,109200,182000,96.0,521,2023-04-22T22:20,-21840,87360
130,2329533,41,119200,149000,97.0,1428,2023-04-22T22:20,-11920,107280
131,2123924,42,247000,309000,98.0,940,2023-04-22T22:20,-49400,197600
132,2788216,43,143000,159000,98.0,186,2023-04-22T22:20,-28600,114400
133,3144204,44,98000,0,100.0,1,2023-04-22T22:20,0,98000
134,1751722,45,53910,59900,97.0,3528,2023-04-22T22:20,-16173,37737
135,3210515,46,380000,0,0.0,0,2023-04-22T22:20,-114000,266000
136,946995,47,106250,125000,94.0,2908,2023-04-22T22:20,-15938,90312
137,2110777,48,527000,0,98.0,319,2023-04-22T22:20,0,527000
138,3048144,49,109200,182000,96.0,243,2023-04-22T22:20,-21840,87360
139,1195307,50,87550,103000,96.0,12785,2023-04-22T22:20,-13133,74417
140,2064545,51,59800,94000,97.0,11421,2023-04-22T22:20,-2990,56810
141,2683549,52,111750,149000,97.0,2636,2023-04-22T22:20,0,111750
142,1969617,53,162000,0,96.0,2713,2023-04-22T22:20,0,162000
143,3092777,54,139900,0,92.0,10,2023-04-22T22:20,-20985,118915
144,1776549,55,59000,69000,94.0,4663,2023-04-22T22:20,-8850,50150
145,2537153,56,65400,109000,97.0,748,2023-04-22T22:20,-9810,55590
146,3209864,57,89000,111500,97.0,15,2023-04-22T22:20,-4450,84550
147,2159724,58,29900,32000,95.0,2448,2023-04-22T22:20,0,29900
148,2288426,59,69000,109000,94.0,867,2023-04-22T22:20,-10350,58650
149,2637655,60,1330000,0,80.0,1,2023-04-22T22:20,0,1330000
150,3144355,61,128000,0,100.0,7,2023-04-22T22:20,0,128000
151,2288704,62,119000,132000,97.0,3564,2023-04-22T22:20,-23800,95200
152,3228774,63,75650,89000,0.0,0,2023-04-22T22:20,0,75650
153,2381781,64,186750,249000,98.0,873,2023-04-22T22:20,0,186750
154,2668986,65,39900,0,96.0,3695,2023-04-22T22:20,-11970,27930
155,1776550,66,59000,69000,94.0,4210,2023-04-22T22:20,-8850,50150
156,2956216,67,378000,815000,100.0,4,2023-04-22T22:20,-30000,348000
157,2375909,68,76390,89900,98.0,1658,2023-04-22T22:20,0,76390
158,3100486,69,139000,0,96.0,20,2023-04-22T22:20,0,139000
159,1873073,70,67090,83900,97.0,4132,2023-04-22T22:20,0,67090
160,2403367,71,138700,146000,97.0,695,2023-04-22T22:20,-27740,110960
161,3037468,72,49900,68500,97.0,97,2023-04-22T22:20,-7485,42415
162,3224175,73,99900,0,0.0,0,2023-04-22T22:20,0,99900
163,2718413,74,134100,149000,97.0,1491,2023-04-22T22:20,0,134100
164,3109424,75,199000,0,98.0,138,2023-04-22T22:20,0,199000
165,3096449,76,117300,138000,98.0,65,2023-04-22T22:20,-17595,99705
166,2284220,77,79900,112900,96.0,1751,2023-04-22T22:20,0,79900
167,2498225,78,159000,266000,94.0,126,2023-04-22T22:20,0,159000
168,1558683,79,69590,81900,97.0,6337,2023-04-22T22:20,0,69590
169,2379844,80,69500,139000,96.0,143,2023-04-22T22:20,0,69500
170,3051566,81,39000,93000,95.0,19,2023-04-22T22:20,-5850,33150
171,2712632,82,107000,0,97.0,1403,2023-04-22T22:20,0,107000
172,3051260,83,129000,215000,96.0,94,2023-04-22T22:20,-25800,103200
173,2572705,84,168300,198000,96.0,73,2023-04-22T22:20,-28611,139689
174,3196695,85,179000,0,100.0,5,2023-04-22T22:20,-8950,170050
175,3209980,86,69800,101000,96.0,17,2023-04-22T22:20,-6980,62820
176,2287430,87,69600,87000,96.0,2806,2023-04-22T22:20,0,69600
177,2837409,88,162000,0,96.0,51,2023-04-22T22:20,0,162000
178,3029811,89,63200,79000,97.0,317,2023-04-22T22:20,0,63200
179,3209966,90,69800,101000,100.0,13,2023-04-22T22:20,-6980,62820
180,1573215,1,111000,148000,98.0,9578,2023-04-22T22:20,-16650,94350
181,2112059,2,36400,52000,97.0,44175,2023-04-22T22:20,-5460,30940
182,2060719,3,55200,69000,96.0,5573,2023-04-22T22:20,-5520,49680
183,750908,4,34900,54000,96.0,84929,2023-04-22T22:20,0,34900
184,1168906,5,35590,41900,97.0,71880,2023-04-22T22:20,0,35590
185,1551840,6,35100,39000,97.0,84869,2023-04-22T22:20,0,35100
186,1926048,7,32000,0,97.0,15111,2023-04-22T22:20,0,32000
187,2060717,8,55200,69000,95.0,4089,2023-04-22T22:20,-5520,49680
188,1149329,9,39900,0,96.0,86958,2023-04-22T22:20,0,39900
189,1924274,10,49900,66000,95.0,22814,2023-04-22T22:20,0,49900
190,1370101,11,39000,89000,96.0,23593,2023-04-22T22:20,-1950,37050
191,2112061,12,36400,52000,97.0,15258,2023-04-22T22:20,-5460,30940
192,2028327,13,42390,49900,97.0,9438,2023-04-22T22:20,0,42390
193,2060720,14,55200,69000,95.0,2710,2023-04-22T22:20,-5520,49680
194,2028326,15,49900,0,97.0,6468,2023-04-22T22:20,0,49900
195,1440874,16,39900,0,95.0,15244,2023-04-22T22:20,0,39900
196,1149328,17,35890,39900,96.0,94928,2023-04-22T22:20,0,35890
197,2569078,18,59250,79000,96.0,2534,2023-04-22T22:20,-8888,50362
198,2092852,19,42000,52800,96.0,11615,2023-04-22T22:20,-4200,37800
199,2358429,20,119250,159000,98.0,2695,2023-04-22T22:20,0,119250
200,2723714,21,46400,58000,96.0,1791,2023-04-22T22:20,0,46400
201,1222184,22,37690,41900,97.0,48785,2023-04-22T22:20,0,37690
202,1436504,23,41900,0,95.0,9322,2023-04-22T22:20,0,41900
203,2150457,24,119250,159000,97.0,4122,2023-04-22T22:20,-17888,101362
204,3220911,25,89000,129000,97.0,155,2023-04-22T22:20,0,89000
205,858911,26,39000,49000,95.0,67397,2023-04-22T22:20,-5850,33150
206,1627892,27,43900,0,97.0,11485,2023-04-22T22:20,0,43900
207,3240542,28,71200,89000,0.0,0,2023-04-22T22:20,0,71200
208,2725611,29,89600,128000,98.0,2276,2023-04-22T22:20,-13440,76160
209,1568057,30,49600,62000,96.0,22823,2023-04-22T22:20,-7440,42160
210,3141395,31,49900,73900,97.0,241,2023-04-22T22:20,-4990,44910
211,3043508,32,71200,89000,98.0,288,2023-04-22T22:20,0,71200
212,3217307,33,114000,0,0.0,0,2023-04-22T22:20,-34200,79800
213,3044076,34,80100,89000,97.0,69,2023-04-22T22:20,-12015,68085
214,2107115,35,98500,135000,98.0,11810,2023-04-22T22:20,-14775,83725
215,1885631,36,39000,49000,96.0,23914,2023-04-22T22:20,-5850,33150
216,2569079,37,59250,79000,96.0,1182,2023-04-22T22:20,-8888,50362
217,1854661,38,139000,0,96.0,467,2023-04-22T22:20,0,139000
218,3098372,39,89000,139000,97.0,1163,2023-04-22T22:20,0,89000
219,2503133,40,42000,52800,96.0,3204,2023-04-22T22:20,-4200,37800
220,2952100,41,107250,143000,97.0,396,2023-04-22T22:20,-16088,91162
221,3070909,42,139000,0,97.0,26,2023-04-22T22:20,-27800,111200
222,2060759,43,59800,74800,97.0,7460,2023-04-22T22:20,-5980,53820
223,2381406,44,103500,138000,98.0,2350,2023-04-22T22:20,-15525,87975
224,2789111,45,79200,99000,97.0,1031,2023-04-22T22:20,-11880,67320
225,3217240,46,114000,0,0.0,0,2023-04-22T22:20,-34200,79800
226,3216234,47,109000,0,0.0,0,2023-04-22T22:20,-32700,76300
227,1551839,48,39000,0,97.0,24081,2023-04-22T22:20,0,39000
228,3155551,49,65400,109000,94.0,10,2023-04-22T22:20,-3270,62130
229,2789091,50,79200,99000,97.0,1001,2023-04-22T22:20,-11880,67320
230,2281982,51,87120,99000,98.0,570,2023-04-22T22:20,-17424,69696
231,1736085,52,39900,59800,96.0,37453,2023-04-22T22:20,0,39900
232,2192777,53,104250,139000,97.0,2333,2023-04-22T22:20,-15638,88612
233,1555407,54,70200,78000,97.0,11805,2023-04-22T22:20,-10530,59670
234,2495075,55,49800,72000,95.0,12234,2023-04-22T22:20,-4980,44820
235,2084435,56,98000,109000,97.0,1382,2023-04-22T22:20,-19600,78400
236,3034871,57,88200,126000,98.0,210,2023-04-22T22:20,0,88200
237,2703599,58,95200,119000,97.0,99,2023-04-22T22:20,-19040,76160
238,2578996,59,39900,59000,95.0,4812,2023-04-22T22:20,-5985,33915
239,1552753,60,70200,78000,97.0,28402,2023-04-22T22:20,-10530,59670
240,3217296,61,114000,0,0.0,0,2023-04-22T22:20,-34200,79800
241,1985224,62,39000,89000,96.0,1945,2023-04-22T22:20,-1950,37050
242,2032901,63,35890,39900,97.0,7076,2023-04-22T22:20,0,35890
243,3216268,64,109000,0,0.0,0,2023-04-22T22:20,-32700,76300
244,3191936,65,142000,0,0.0,0,2023-04-22T22:20,-42600,99400
245,1926034,66,32000,0,97.0,3209,2023-04-22T22:20,0,32000
246,3134710,67,79900,0,98.0,10,2023-04-22T22:20,-11985,67915
247,2562527,68,29400,42000,97.0,4303,2023-04-22T22:20,-4410,24990
248,2184087,69,47200,89000,96.0,4266,2023-04-22T22:20,-2360,44840
249,2503134,70,42000,52800,96.0,5457,2023-04-22T22:20,-4200,37800
250,2060743,71,33000,55000,95.0,3728,2023-04-22T22:20,-3300,29700
251,2402843,72,39900,0,96.0,1348,2023-04-22T22:20,0,39900
252,1324127,73,28790,33900,96.0,13942,2023-04-22T22:20,0,28790
253,2720861,74,76300,109000,97.0,1351,2023-04-22T22:20,0,76300
254,2664735,75,39790,56900,98.0,935,2023-04-22T22:20,0,39790
255,1246215,76,49000,65000,96.0,6443,2023-04-22T22:20,-9800,39200
256,1477272,77,44200,68000,96.0,18087,2023-04-22T22:20,-2210,41990
257,2319844,78,85600,107000,98.0,3987,2023-04-22T22:20,0,85600
258,2351467,79,39800,54000,96.0,6730,2023-04-22T22:20,-5970,33830
259,3034850,80,135150,159000,98.0,147,2023-04-22T22:20,0,135150
260,1989228,81,43900,0,97.0,5530,2023-04-22T22:20,0,43900
261,2706287,82,39800,54000,95.0,4265,2023-04-22T22:20,-5970,33830
262,2028329,83,42390,49900,96.0,6703,2023-04-22T22:20,0,42390
263,1826978,84,79000,0,96.0,7077,2023-04-22T22:20,-11850,67150
264,1595607,85,57900,89000,97.0,5851,2023-04-22T22:20,-8685,49215
265,3049798,86,103000,121000,97.0,125,2023-04-22T22:20,-15450,87550
266,2124896,87,98000,0,98.0,800,2023-04-22T22:20,-14700,83300
267,883004,88,69900,89000,94.0,9537,2023-04-22T22:20,0,69900
268,1985223,89,39000,89000,96.0,1753,2023-04-22T22:20,-1950,37050
269,1323090,90,64400,92000,96.0,6128,2023-04-22T22:20,-12880,51520
270,1740936,1,39000,0,97.0,1640,2023-04-22T22:20,0,39000
271,2962318,2,2299000,3175000,100.0,2,2023-04-22T22:20,-30000,2269000
272,2911054,3,939000,1590000,96.0,30,2023-04-22T22:20,-30000,909000
273,1789507,4,71100,79000,98.0,26280,2023-04-22T22:20,0,71100
274,1034480,5,135000,150000,97.0,18328,2023-04-22T22:20,0,135000
275,3024801,6,138000,0,100.0,30,2023-04-22T22:20,0,138000
276,3034751,7,64800,72000,96.0,634,2023-04-22T22:20,0,64800
277,1969507,8,88000,0,98.0,5564,2023-04-22T22:20,0,88000
278,2235274,9,145000,0,98.0,779,2023-04-22T22:20,0,145000
279,2770508,10,138000,0,97.0,375,2023-04-22T22:20,0,138000
280,2105328,11,55300,79000,97.0,570,2023-04-22T22:20,-8295,47005
281,3000157,12,142200,158000,96.0,168,2023-04-22T22:20,-21330,120870
282,2657250,13,125400,149000,98.0,148,2023-04-22T22:20,0,125400
283,1264107,14,62000,90000,97.0,6528,2023-04-22T22:20,-9300,52700
284,3050557,15,2047000,3290000,100.0,1,2023-04-22T22:20,-30000,2017000
285,1581689,16,75600,89000,97.0,4101,2023-04-22T22:20,0,75600
286,1835080,17,98000,0,97.0,2929,2023-04-22T22:20,0,98000
287,2577899,18,138000,0,98.0,364,2023-04-22T22:20,0,138000
288,3034745,19,75600,84000,97.0,223,2023-04-22T22:20,0,75600
289,1842449,20,84000,99000,97.0,5522,2023-04-22T22:20,-16800,67200
290,2630526,21,100000,0,97.0,709,2023-04-22T22:20,0,100000
291,2408317,22,145800,162000,96.0,420,2023-04-22T22:20,0,145800
292,3158464,23,113050,119000,94.0,25,2023-04-22T22:20,-5653,107397
293,2702033,24,127200,159000,97.0,456,2023-04-22T22:20,0,127200
294,2066837,25,69000,119000,97.0,6655,2023-04-22T22:20,-10350,58650
295,2320927,26,39000,51000,97.0,2375,2023-04-22T22:20,0,39000
296,2344540,27,96000,0,98.0,9465,2023-04-22T22:20,0,96000
297,1564343,28,92800,119000,98.0,8177,2023-04-22T22:20,-13920,78880
298,2558648,29,119000,0,98.0,1348,2023-04-22T22:20,0,119000
299,3018242,30,1499000,2020000,0.0,0,2023-04-22T22:20,-30000,1469000
300,2654166,31,82000,108000,95.0,146,2023-04-22T22:20,-12300,69700
301,2849890,32,1699000,2550000,100.0,1,2023-04-22T22:20,-30000,1669000
302,3101111,33,161100,179000,95.0,56,2023-04-22T22:20,0,161100
303,2422175,34,145800,162000,98.0,237,2023-04-22T22:20,-21870,123930
304,1744101,35,103500,109000,98.0,3031,2023-04-22T22:20,0,103500
305,2668835,36,95200,119000,98.0,937,2023-04-22T22:20,-14280,80920
306,1910358,37,99000,0,98.0,2553,2023-04-22T22:20,-14850,84150
307,3047568,38,99330,129000,96.0,105,2023-04-22T22:20,-9933,89397
308,2503640,39,1319000,2020000,100.0,5,2023-04-22T22:20,-30000,1289000
309,2333662,40,48300,69000,95.0,44,2023-04-22T22:20,-7245,41055
310,2344538,41,119000,0,98.0,6571,2023-04-22T22:20,0,119000
311,2810066,42,874000,1958000,92.0,5,2023-04-22T22:20,-30000,844000
312,693318,43,75000,110000,96.0,13273,2023-04-22T22:20,-11250,63750
313,1323612,44,238000,0,97.0,3870,2023-04-22T22:20,-11900,226100
314,1263004,45,159000,0,97.0,5286,2023-04-22T22:20,0,159000
315,3206841,46,142200,158000,0.0,0,2023-04-22T22:20,-21330,120870
316,3164736,47,1199000,2100000,0.0,0,2023-04-22T22:20,-30000,1169000
317,2754080,48,88000,0,97.0,529,2023-04-22T22:20,0,88000
318,3020963,49,379000,0,98.0,32,2023-04-22T22:20,0,379000
319,2888946,50,79000,0,98.0,204,2023-04-22T22:20,0,79000
320,1528287,51,46500,49000,96.0,4740,2023-04-22T22:20,0,46500
321,2688604,52,149000,159000,97.0,921,2023-04-22T22:20,0,149000
322,2944056,53,362000,0,98.0,19,2023-04-22T22:20,-20000,342000
323,2902212,54,369000,599000,99.0,43,2023-04-22T22:20,-30000,339000
324,1969488,55,88000,0,98.0,1822,2023-04-22T22:20,0,88000
325,2843850,56,546000,729000,100.0,2,2023-04-22T22:20,-30000,516000
326,2902216,57,518000,700000,99.0,26,2023-04-22T22:20,-30000,488000
327,2992114,58,999000,1550000,100.0,2,2023-04-22T22:20,-30000,969000
328,2271789,59,71100,79000,97.0,2613,2023-04-22T22:20,0,71100
329,3148373,60,1299000,3500000,0.0,0,2023-04-22T22:20,-30000,1269000
330,3017851,61,1457000,3470000,0.0,0,2023-04-22T22:20,-30000,1427000
331,1534526,62,52200,55000,97.0,2538,2023-04-22T22:20,0,52200
332,2514819,63,54000,66000,97.0,915,2023-04-22T22:20,0,54000
333,2112607,64,178000,0,97.0,383,2023-04-22T22:20,0,178000
334,1736022,65,169200,188000,96.0,474,2023-04-22T22:20,0,169200
335,3034749,66,64800,72000,97.0,546,2023-04-22T22:20,0,64800
336,2343665,67,89000,0,97.0,4734,2023-04-22T22:20,0,89000
337,342189,68,39500,52000,95.0,15883,2023-04-22T22:20,0,39500
338,2849866,69,299000,470000,98.0,47,2023-04-22T22:20,-30000,269000
339,3144558,70,133000,140000,92.0,5,2023-04-22T22:20,0,133000
340,3161264,71,98100,109000,98.0,109,2023-04-22T22:20,-19620,78480
341,1090160,72,99000,0,97.0,1351,2023-04-22T22:20,0,99000
342,2511994,73,898000,1340000,0.0,0,2023-04-22T22:20,-20000,878000
343,3038000,74,74700,83000,96.0,504,2023-04-22T22:20,0,74700
344,3008810,75,87000,0,100.0,29,2023-04-22T22:20,0,87000
345,1320752,76,67800,135000,97.0,4797,2023-04-22T22:20,0,67800
346,2112494,77,105000,0,95.0,106,2023-04-22T22:20,0,105000
347,1576725,78,127150,197000,97.0,5271,2023-04-22T22:20,-19073,108077
348,2580575,79,142300,169000,96.0,49,2023-04-22T22:20,0,142300
349,2993947,80,100000,0,96.0,174,2023-04-22T22:20,0,100000
350,2245952,81,46000,69000,96.0,207,2023-04-22T22:20,0,46000
351,3082387,82,139000,0,97.0,165,2023-04-22T22:20,-13900,125100
352,1456515,83,49500,55000,97.0,8832,2023-04-22T22:20,-7425,42075
353,938746,84,80100,89000,95.0,12590,2023-04-22T22:20,0,80100
354,2963017,85,99000,110000,96.0,50,2023-04-22T22:20,0,99000
355,2558906,86,107100,119000,96.0,167,2023-04-22T22:20,-16065,91035
356,3234750,87,390000,0,0.0,0,2023-04-22T22:20,0,390000
357,2849865,88,249000,490000,99.0,20,2023-04-22T22:20,-30000,219000
358,2664933,89,90000,0,96.0,402,2023-04-22T22:20,0,90000
359,2621696,90,234000,0,97.0,179,2023-04-22T22:20,0,234000
360,2638067,1,99000,139000,97.0,3316,2023-04-22T22:20,0,99000
361,1762407,2,260000,0,97.0,3492,2023-04-22T22:20,0,260000
362,2855992,3,142900,159000,97.0,651,2023-04-22T22:20,0,142900
363,1762406,4,260000,0,98.0,3522,2023-04-22T22:20,0,260000
364,3122130,5,219000,0,100.0,16,2023-04-22T22:20,-65700,153300
365,969541,6,69000,0,97.0,30306,2023-04-22T22:20,0,69000
366,186610,7,59900,85000,97.0,16756,2023-04-22T22:20,0,59900
367,102618,8,33900,69000,97.0,6113,2023-04-22T22:20,0,33900
368,181907,9,79900,119000,97.0,7270,2023-04-22T22:20,0,79900
369,3026310,10,99000,0,99.0,973,2023-04-22T22:20,0,99000
370,810034,11,85500,95000,97.0,45471,2023-04-22T22:20,0,85500
371,2293400,12,129000,0,96.0,1096,2023-04-22T22:20,0,129000
372,3030422,13,117900,139000,96.0,943,2023-04-22T22:20,0,117900
373,2545799,14,149000,0,98.0,2361,2023-04-22T22:20,0,149000
374,2233180,15,64900,109000,97.0,14468,2023-04-22T22:20,0,64900
375,2785168,16,179000,0,98.0,77,2023-04-22T22:20,0,179000
376,311052,17,53100,59000,97.0,41506,2023-04-22T22:20,0,53100
377,1622068,18,119000,0,97.0,6878,2023-04-22T22:20,0,119000
378,1622069,19,119000,0,98.0,5998,2023-04-22T22:20,0,119000
379,2899663,20,59900,159000,95.0,47,2023-04-22T22:20,0,59900
380,2929326,21,109000,0,97.0,120,2023-04-22T22:20,-10900,98100
381,577636,22,99900,139000,95.0,31352,2023-04-22T22:20,0,99900
382,2809006,23,728000,1130000,99.0,42,2023-04-22T22:20,0,728000
383,2944077,24,582000,832000,0.0,0,2023-04-22T22:20,-30000,552000
384,2565212,25,119000,0,99.0,465,2023-04-22T22:20,0,119000
385,2469965,26,69900,149000,96.0,1152,2023-04-22T22:20,0,69900
386,2673444,27,49900,149000,95.0,476,2023-04-22T22:20,0,49900
387,490135,28,59900,95000,98.0,3484,2023-04-22T22:20,0,59900
388,2801305,29,369000,700000,99.0,209,2023-04-22T22:20,0,369000
389,1478592,30,59900,95000,97.0,3169,2023-04-22T22:20,0,59900
390,2524840,31,139000,0,96.0,911,2023-04-22T22:20,0,139000
391,3167965,32,119000,0,97.0,8,2023-04-22T22:20,0,119000
392,1473136,33,119900,149000,97.0,10833,2023-04-22T22:20,0,119900
393,3033248,34,109000,0,97.0,743,2023-04-22T22:20,-10900,98100
394,1900410,35,129000,0,97.0,4981,2023-04-22T22:20,0,129000
395,2233178,36,64900,109000,97.0,5069,2023-04-22T22:20,0,64900
396,3172975,37,260000,0,97.0,15,2023-04-22T22:20,0,260000
397,2741233,38,109000,0,97.0,2846,2023-04-22T22:20,-10900,98100
398,1296778,39,99000,0,98.0,2213,2023-04-22T22:20,0,99000
399,1231944,40,119000,0,97.0,1434,2023-04-22T22:20,0,119000
400,2622254,41,109000,0,98.0,986,2023-04-22T22:20,0,109000
401,2815898,42,52900,139000,97.0,77,2023-04-22T22:20,0,52900
402,2430426,43,169000,0,98.0,780,2023-04-22T22:20,0,169000
403,695334,44,78900,99000,96.0,9595,2023-04-22T22:20,0,78900
404,2320478,45,129000,0,97.0,589,2023-04-22T22:20,0,129000
405,810032,46,85500,95000,97.0,13830,2023-04-22T22:20,0,85500
406,490136,47,76000,95000,98.0,2715,2023-04-22T22:20,0,76000
407,2849856,48,398000,1100000,100.0,11,2023-04-22T22:20,-30000,368000
408,3091287,49,119000,0,98.0,391,2023-04-22T22:20,0,119000
409,2161992,50,69900,95000,97.0,3532,2023-04-22T22:20,0,69900
410,2981033,51,99900,199000,95.0,47,2023-04-22T22:20,0,99900
411,810033,52,89100,99000,97.0,34379,2023-04-22T22:20,0,89100
412,3096431,53,139000,0,98.0,74,2023-04-22T22:20,0,139000
413,2861392,54,96900,139000,97.0,648,2023-04-22T22:20,0,96900
414,1955217,55,69000,109000,96.0,5316,2023-04-22T22:20,-10350,58650
415,2899664,56,69900,159000,96.0,146,2023-04-22T22:20,0,69900
416,2469964,57,59900,149000,95.0,273,2023-04-22T22:20,0,59900
417,2678412,58,39900,99000,94.0,251,2023-04-22T22:20,0,39900
418,2150233,59,170000,0,97.0,165,2023-04-22T22:20,0,170000
419,3008384,60,59900,75000,98.0,163,2023-04-22T22:20,0,59900
420,2229208,61,109000,0,97.0,1642,2023-04-22T22:20,0,109000
421,2670459,62,39900,99000,97.0,258,2023-04-22T22:20,0,39900
422,2981031,63,99900,199000,96.0,15,2023-04-22T22:20,0,99900
423,102620,64,69000,0,97.0,18057,2023-04-22T22:20,0,69000
424,3188621,65,119000,0,100.0,2,2023-04-22T22:20,0,119000
425,2631192,66,98100,109000,98.0,447,2023-04-22T22:20,0,98100
426,3033768,67,39900,99000,100.0,16,2023-04-22T22:20,0,39900
427,2981032,68,99900,199000,97.0,30,2023-04-22T22:20,0,99900
428,1990244,69,129000,0,98.0,1167,2023-04-22T22:20,0,129000
429,1744960,70,79900,149000,97.0,8278,2023-04-22T22:20,0,79900
430,3017615,71,39900,109000,100.0,5,2023-04-22T22:20,0,39900
431,2897209,72,89000,0,97.0,586,2023-04-22T22:20,-8900,80100
432,3024528,73,132050,139000,96.0,118,2023-04-22T22:20,0,132050
433,2355071,74,265000,0,98.0,539,2023-04-22T22:20,0,265000
434,957758,75,89000,0,97.0,4621,2023-04-22T22:20,0,89000
435,2854904,76,49900,109000,97.0,1512,2023-04-22T22:20,0,49900
436,1493265,77,85500,95000,98.0,5027,2023-04-22T22:20,0,85500
437,311050,78,53100,59000,97.0,9134,2023-04-22T22:20,0,53100
438,716244,79,69900,95000,98.0,1381,2023-04-22T22:20,0,69900
439,3218649,80,149000,0,100.0,3,2023-04-22T22:20,0,149000
440,1608838,81,85000,0,97.0,12706,2023-04-22T22:20,0,85000
441,2440110,82,56900,59900,97.0,1307,2023-04-22T22:20,-8535,48365
442,1963478,83,170000,0,97.0,470,2023-04-22T22:20,0,170000
443,816033,84,70900,89000,96.0,13465,2023-04-22T22:20,0,70900
444,1853613,85,130000,0,96.0,117,2023-04-22T22:20,0,130000
445,3122128,86,219000,0,97.0,35,2023-04-22T22:20,-43800,175200
446,2861393,87,96900,139000,93.0,319,2023-04-22T22:20,0,96900
447,2756002,88,133200,148000,94.0,126,2023-04-22T22:20,-6660,126540
448,2731878,89,67900,79000,97.0,1948,2023-04-22T22:20,0,67900
449,3048675,90,64000,89000,98.0,52,2023-04-22T22:20,0,64000
450,1092992,1,69000,0,97.0,38419,2023-04-22T22:20,0,69000
451,3134606,2,125100,139000,97.0,59,2023-04-22T22:20,0,125100
452,3061996,3,88200,98000,97.0,195,2023-04-22T22:20,0,88200
453,3062046,4,78300,87000,97.0,261,2023-04-22T22:20,0,78300
454,1334438,5,170000,0,96.0,4454,2023-04-22T22:20,0,170000
455,3124961,6,65550,69000,97.0,309,2023-04-22T22:20,0,65550
456,1720822,7,209000,0,97.0,325,2023-04-22T22:20,0,209000
457,3134621,8,136800,152000,96.0,46,2023-04-22T22:20,0,136800
458,2383245,9,99000,0,98.0,908,2023-04-22T22:20,0,99000
459,2432733,10,44900,59000,97.0,2964,2023-04-22T22:20,0,44900
460,2091749,11,75650,89000,95.0,6383,2023-04-22T22:20,0,75650
461,1129750,12,69000,0,97.0,3992,2023-04-22T22:20,0,69000
462,1568047,13,143100,159000,95.0,12064,2023-04-22T22:20,-21465,121635
463,1720813,14,149000,0,97.0,526,2023-04-22T22:20,0,149000
464,2735953,15,230000,0,98.0,458,2023-04-22T22:20,0,230000
465,1439535,16,49000,0,96.0,16398,2023-04-22T22:20,0,49000
466,3161736,17,67900,158000,98.0,309,2023-04-22T22:20,-10185,57715
467,1339622,18,42900,59000,97.0,16487,2023-04-22T22:20,0,42900
468,2433538,19,84660,102000,96.0,2497,2023-04-22T22:20,0,84660
469,2919224,20,670000,1000000,0.0,0,2023-04-22T22:20,0,670000
470,2621831,21,64400,92000,95.0,778,2023-04-22T22:20,-9660,54740
471,2664373,22,65000,0,97.0,1109,2023-04-22T22:20,0,65000
472,2101924,23,99900,0,97.0,1424,2023-04-22T22:20,0,99900
473,1828166,24,126000,210000,94.0,857,2023-04-22T22:20,0,126000
474,2624538,25,40900,59000,97.0,1619,2023-04-22T22:20,0,40900
475,3223241,26,119000,0,98.0,22,2023-04-22T22:20,0,119000
476,2814379,27,120000,200000,98.0,31,2023-04-22T22:20,0,120000
477,2036670,28,300000,0,97.0,777,2023-04-22T22:20,0,300000
478,3062069,29,71100,79000,97.0,100,2023-04-22T22:20,0,71100
479,1010925,30,170000,0,96.0,2092,2023-04-22T22:20,0,170000
480,3049313,31,57100,64900,97.0,796,2023-04-22T22:20,0,57100
481,1419869,32,70300,74000,95.0,10597,2023-04-22T22:20,-10545,59755
482,501198,33,129270,139000,95.0,2758,2023-04-22T22:20,0,129270
483,3018132,34,270000,300000,90.0,2,2023-04-22T22:20,0,270000
484,1815709,35,132000,168000,96.0,7189,2023-04-22T22:20,-13200,118800
485,2910082,36,265500,295000,98.0,522,2023-04-22T22:20,0,265500
486,2736221,37,110000,0,96.0,309,2023-04-22T22:20,0,110000
487,595040,38,210000,0,95.0,8761,2023-04-22T22:20,0,210000
488,595039,39,210000,0,97.0,3563,2023-04-22T22:20,0,210000
489,2816812,40,119900,0,93.0,1587,2023-04-22T22:20,0,119900
490,1562990,41,230000,0,96.0,1289,2023-04-22T22:20,0,230000
491,3142574,42,132300,189000,100.0,7,2023-04-22T22:20,0,132300
492,2957149,43,34900,59000,99.0,64,2023-04-22T22:20,0,34900
493,2664372,44,65000,0,97.0,1137,2023-04-22T22:20,0,65000
494,3124959,45,55100,58000,97.0,70,2023-04-22T22:20,0,55100
495,1438359,46,99000,0,97.0,1221,2023-04-22T22:20,0,99000
496,685185,47,139000,198000,95.0,12517,2023-04-22T22:20,-20850,118150
497,2355318,48,98890,109900,96.0,668,2023-04-22T22:20,0,98890
498,1699941,49,67150,79000,97.0,4948,2023-04-22T22:20,-10073,57077
499,1890398,50,132000,168000,96.0,2778,2023-04-22T22:20,-13200,118800
500,3142573,51,132300,189000,80.0,4,2023-04-22T22:20,0,132300
501,1724193,52,251900,280000,98.0,1491,2023-04-22T22:20,0,251900
502,1810760,53,135000,150000,96.0,185,2023-04-22T22:20,0,135000
503,2435822,54,94500,99000,97.0,289,2023-04-22T22:20,0,94500
504,2379000,55,151500,159000,97.0,136,2023-04-22T22:20,0,151500
505,3075621,56,339000,0,98.0,103,2023-04-22T22:20,0,339000
506,3134563,57,88200,98000,94.0,31,2023-04-22T22:20,0,88200
507,2684749,58,207000,230000,97.0,45,2023-04-22T22:20,0,207000
508,2340324,59,169000,199000,98.0,200,2023-04-22T22:20,0,169000
509,3130687,60,152100,169000,100.0,1,2023-04-22T22:20,-22815,129285
510,1439527,61,49000,0,95.0,13460,2023-04-22T22:20,0,49000
511,2363570,62,39900,55000,97.0,1165,2023-04-22T22:20,0,39900
512,2071613,63,89100,99000,92.0,1514,2023-04-22T22:20,-13365,75735
513,636821,64,160500,169000,93.0,2591,2023-04-22T22:20,-24075,136425
514,3024585,65,59000,0,96.0,171,2023-04-22T22:20,-8850,50150
515,2440524,66,69000,0,97.0,1648,2023-04-22T22:20,0,69000
516,2419871,67,44900,59000,97.0,986,2023-04-22T22:20,0,44900
517,607298,68,44700,59000,93.0,15622,2023-04-22T22:20,-6705,37995
518,2910086,69,265500,295000,98.0,235,2023-04-22T22:20,0,265500
519,2257886,70,109000,119000,96.0,1455,2023-04-22T22:20,-16350,92650
520,1950541,71,62100,69000,97.0,327,2023-04-22T22:20,-3105,58995
521,127121,72,141000,152000,95.0,1882,2023-04-22T22:20,-21150,119850
522,1021359,73,61000,100000,94.0,5401,2023-04-22T22:20,-9150,51850
523,3132471,74,79000,0,98.0,54,2023-04-22T22:20,0,79000
524,2903780,75,268000,0,96.0,52,2023-04-22T22:20,0,268000
525,3036051,76,69900,0,98.0,119,2023-04-22T22:20,0,69900
526,549841,77,190000,0,93.0,2478,2023-04-22T22:20,0,190000
527,2143833,78,89640,108000,96.0,2464,2023-04-22T22:20,0,89640
528,1928038,79,84600,94000,96.0,1199,2023-04-22T22:20,-12690,71910
529,1762562,80,95100,109000,95.0,316,2023-04-22T22:20,0,95100
530,1262092,81,250000,0,96.0,786,2023-04-22T22:20,0,250000
531,2736011,82,193200,276000,98.0,189,2023-04-22T22:20,0,193200
532,3156676,83,268000,299000,97.0,28,2023-04-22T22:20,-13400,254600
533,3104658,84,170000,0,97.0,14,2023-04-22T22:20,0,170000
534,3171838,85,270000,300000,0.0,0,2023-04-22T22:20,0,270000
535,1264085,86,265500,295000,97.0,3389,2023-04-22T22:20,0,265500
536,3004196,87,79900,0,97.0,67,2023-04-22T22:20,0,79900
537,3102068,88,159000,0,92.0,10,2023-04-22T22:20,0,159000
538,1419852,89,65550,69000,92.0,1851,2023-04-22T22:20,-9833,55717
539,2425751,90,225000,485000,98.0,11,2023-04-22T22:20,-20000,205000
540,1214164,1,36000,0,96.0,25114,2023-04-22T22:20,0,36000
541,1920929,2,39000,0,97.0,4097,2023-04-22T22:20,-5850,33150
542,1822717,3,56050,59000,97.0,4386,2023-04-22T22:20,0,56050
543,2134140,4,39000,0,97.0,3703,2023-04-22T22:20,-5850,33150
544,2879419,5,48900,55000,98.0,870,2023-04-22T22:20,-7335,41565
545,2356713,6,39000,0,97.0,1547,2023-04-22T22:20,-5850,33150
546,2280117,7,35100,39000,97.0,6513,2023-04-22T22:20,0,35100
547,2134158,8,39000,0,97.0,2600,2023-04-22T22:20,-5850,33150
548,1022013,9,79000,0,96.0,6316,2023-04-22T22:20,0,79000
549,1214174,10,36000,0,97.0,15135,2023-04-22T22:20,0,36000
550,2356711,11,39000,0,97.0,1569,2023-04-22T22:20,-5850,33150
551,3185980,12,49000,0,100.0,2,2023-04-22T22:20,0,49000
552,2028240,13,39000,0,98.0,3393,2023-04-22T22:20,-5850,33150
553,2287131,14,31450,37000,95.0,1764,2023-04-22T22:20,-4718,26732
554,1771137,15,26100,29000,97.0,12690,2023-04-22T22:20,0,26100
555,2356693,16,39000,0,97.0,1575,2023-04-22T22:20,-5850,33150
556,1214109,17,36000,0,97.0,8219,2023-04-22T22:20,0,36000
557,1214173,18,36000,0,96.0,5649,2023-04-22T22:20,0,36000
558,2123132,19,36900,39000,97.0,6481,2023-04-22T22:20,-3690,33210
559,1214317,20,36000,0,97.0,11560,2023-04-22T22:20,0,36000
560,1272626,21,36000,0,96.0,14264,2023-04-22T22:20,0,36000
561,1907733,22,29900,39000,96.0,3923,2023-04-22T22:20,0,29900
562,3185982,23,49000,0,100.0,2,2023-04-22T22:20,0,49000
563,2560668,24,48300,69000,97.0,1279,2023-04-22T22:20,0,48300
564,2286829,25,31450,37000,95.0,5102,2023-04-22T22:20,-4718,26732
565,2879425,26,48900,55000,97.0,359,2023-04-22T22:20,-7335,41565
566,3012243,27,29900,39900,99.0,90,2023-04-22T22:20,-4485,25415
567,1771132,28,29000,0,96.0,5367,2023-04-22T22:20,0,29000
568,2875053,29,138000,207000,97.0,29,2023-04-22T22:20,-27600,110400
569,2134295,30,39000,0,97.0,430,2023-04-22T22:20,0,39000
570,3039061,31,33150,39000,96.0,47,2023-04-22T22:20,-4973,28177
571,3039055,32,36550,43000,96.0,72,2023-04-22T22:20,-5483,31067
572,2221221,33,35100,39000,96.0,1917,2023-04-22T22:20,0,35100
573,1214106,34,36000,0,96.0,9793,2023-04-22T22:20,0,36000
574,2921726,35,95000,160000,60.0,1,2023-04-22T22:20,-19000,76000
575,2089719,36,36000,0,97.0,2462,2023-04-22T22:20,0,36000
576,1022014,37,79000,0,96.0,11499,2023-04-22T22:20,0,79000
577,2859190,38,33300,37000,96.0,498,2023-04-22T22:20,-4995,28305
578,2329375,39,34710,39000,96.0,2141,2023-04-22T22:20,-3471,31239
579,3217359,40,38000,0,0.0,0,2023-04-22T22:20,-11400,26600
580,3185978,41,49000,0,0.0,0,2023-04-22T22:20,0,49000
581,1771133,42,26100,29000,97.0,5771,2023-04-22T22:20,0,26100
582,1855444,43,39900,42000,97.0,3093,2023-04-22T22:20,-5985,33915
583,1335132,44,29000,0,95.0,1136,2023-04-22T22:20,0,29000
584,2507080,45,39000,0,98.0,443,2023-04-22T22:20,-5850,33150
585,2198830,46,14700,21000,95.0,1512,2023-04-22T22:20,0,14700
586,2687157,47,45000,0,97.0,1098,2023-04-22T22:20,-6750,38250
587,3185986,48,49000,0,100.0,2,2023-04-22T22:20,0,49000
588,2926039,49,68000,0,90.0,16,2023-04-22T22:20,0,68000
589,2107999,50,36000,0,97.0,2723,2023-04-22T22:20,0,36000
590,2650964,51,48900,53000,98.0,213,2023-04-22T22:20,-7335,41565
591,2928877,52,354000,600000,0.0,0,2023-04-22T22:20,0,354000
592,3217354,53,38000,0,0.0,0,2023-04-22T22:20,-11400,26600
593,2569069,54,33300,37000,96.0,279,2023-04-22T22:20,-4995,28305
594,1497550,55,29600,37000,95.0,5744,2023-04-22T22:20,0,29600
595,1906772,56,39900,42000,97.0,3135,2023-04-22T22:20,-5985,33915
596,1214169,57,36000,0,96.0,5400,2023-04-22T22:20,0,36000
597,1524720,58,36000,0,96.0,3444,2023-04-22T22:20,0,36000
598,2930563,59,160000,238000,96.0,10,2023-04-22T22:20,-30000,130000
599,1925814,60,35100,39000,96.0,1705,2023-04-22T22:20,0,35100
600,2364344,61,26600,38000,97.0,1744,2023-04-22T22:20,0,26600
601,1214171,62,36000,0,97.0,1741,2023-04-22T22:20,0,36000
602,2672186,63,20900,30000,96.0,635,2023-04-22T22:20,-2299,18601
603,3164855,64,321500,510000,0.0,0,2023-04-22T22:20,-30000,291500
604,2879417,65,48900,55000,98.0,232,2023-04-22T22:20,-7335,41565
605,1632175,66,36900,39000,97.0,2733,2023-04-22T22:20,-3690,33210
606,2435766,67,37900,39900,98.0,221,2023-04-22T22:20,-5685,32215
607,1906773,68,39900,42000,97.0,684,2023-04-22T22:20,-5985,33915
608,3232889,69,38900,0,0.0,0,2023-04-22T22:20,0,38900
609,3119084,70,69000,0,90.0,4,2023-04-22T22:20,-12420,56580
610,3125906,71,80100,89000,98.0,30,2023-04-22T22:20,0,80100
611,1939301,72,39000,0,97.0,829,2023-04-22T22:20,-5850,33150
612,2381807,73,48300,69000,98.0,1167,2023-04-22T22:20,0,48300
613,2875051,74,138000,207000,97.0,29,2023-04-22T22:20,-27600,110400
614,1760824,75,49700,59000,97.0,333,2023-04-22T22:20,0,49700
615,3038180,76,41400,46000,97.0,167,2023-04-22T22:20,-4140,37260
616,2053753,77,42000,0,98.0,4175,2023-04-22T22:20,-6300,35700
617,3051109,78,34300,49000,96.0,56,2023-04-22T22:20,0,34300
618,3099126,79,54000,0,98.0,14,2023-04-22T22:20,0,54000
619,2879431,80,48900,55000,97.0,76,2023-04-22T22:20,-7335,41565
620,2356714,81,39000,0,97.0,496,2023-04-22T22:20,-5850,33150
621,2287158,82,33300,37000,95.0,1263,2023-04-22T22:20,-4995,28305
622,1755276,83,46550,49000,97.0,2437,2023-04-22T22:20,-9310,37240
623,1214193,84,39000,0,97.0,15393,2023-04-22T22:20,0,39000
624,2287105,85,34200,38000,95.0,1502,2023-04-22T22:20,-5130,29070
625,2288645,86,35700,42000,95.0,1052,2023-04-22T22:20,-7140,28560
626,1920840,87,39000,0,98.0,1404,2023-04-22T22:20,-5850,33150
627,2169131,88,35100,39000,97.0,476,2023-04-22T22:20,0,35100
628,2287142,89,33300,37000,95.0,1142,2023-04-22T22:20,-4995,28305
629,1535402,90,39000,0,97.0,1220,2023-04-22T22:20,0,39000
630,3228623,1,92650,109000,0.0,0,2023-04-22T22:20,0,92650
631,2605850,2,94000,0,97.0,174,2023-04-22T22:20,-4700,89300
632,3171882,3,141600,149000,100.0,5,2023-04-22T22:20,0,141600
633,3206508,4,150100,158000,0.0,0,2023-04-22T22:20,-7505,142595
634,3130633,5,149000,0,100.0,6,2023-04-22T22:20,-7450,141550
635,2489894,6,142200,158000,98.0,109,2023-04-22T22:20,0,142200
636,3031171,7,68000,0,98.0,67,2023-04-22T22:20,0,68000
637,3106487,8,133200,148000,99.0,30,2023-04-22T22:20,0,133200
638,2392491,9,28690,31900,96.0,407,2023-04-22T22:20,0,28690
639,2377832,10,195000,0,95.0,178,2023-04-22T22:20,0,195000
640,2453664,11,148400,185500,100.0,5,2023-04-22T22:20,0,148400
641,2392489,12,28690,31900,97.0,738,2023-04-22T22:20,0,28690
642,2712722,13,46900,79000,96.0,32,2023-04-22T22:20,0,46900
643,1779568,14,54400,64000,95.0,294,2023-04-22T22:20,-8160,46240
644,3041848,15,168000,0,100.0,4,2023-04-22T22:20,0,168000
645,1875664,16,33190,36900,96.0,572,2023-04-22T22:20,0,33190
646,1973410,17,107100,119000,100.0,3,2023-04-22T22:20,-16065,91035
647,3135234,18,62300,89000,94.0,7,2023-04-22T22:20,-9345,52955
648,2457511,19,339000,0,100.0,17,2023-04-22T22:20,0,339000
649,3215687,20,342000,0,0.0,0,2023-04-22T22:20,0,342000
650,2457512,21,237300,339000,97.0,39,2023-04-22T22:20,0,237300
651,3119153,22,160600,169000,0.0,0,2023-04-22T22:20,0,160600
652,2388209,23,94000,0,96.0,159,2023-04-22T22:20,-4700,89300
653,3225126,24,129000,0,100.0,2,2023-04-22T22:20,-12900,116100
654,3171883,25,141600,149000,100.0,6,2023-04-22T22:20,0,141600
655,2525496,26,265300,379000,97.0,9,2023-04-22T22:20,0,265300
656,3230056,27,252000,0,0.0,0,2023-04-22T22:20,0,252000
657,2581231,28,138000,0,100.0,18,2023-04-22T22:20,0,138000
658,3210314,29,62100,69000,0.0,0,2023-04-22T22:20,-3105,58995
659,1875663,30,33190,36900,95.0,837,2023-04-22T22:20,0,33190
660,3102177,31,230000,0,100.0,1,2023-04-22T22:20,0,230000
661,2717734,32,79000,0,97.0,61,2023-04-22T22:20,0,79000
662,2568529,33,220000,0,100.0,14,2023-04-22T22:20,0,220000
663,3084760,34,119000,0,100.0,2,2023-04-22T22:20,0,119000
664,3102188,35,230000,0,0.0,0,2023-04-22T22:20,0,230000
665,3050856,36,170100,189000,92.0,14,2023-04-22T22:20,-8505,161595
666,1103286,37,94000,0,94.0,785,2023-04-22T22:20,0,94000
667,3124756,38,229500,255000,0.0,0,2023-04-22T22:20,0,229500
668,3060909,39,224000,0,0.0,0,2023-04-22T22:20,-44800,179200
669,3228629,40,92650,109000,0.0,0,2023-04-22T22:20,0,92650
670,3203077,41,168000,0,0.0,0,2023-04-22T22:20,-25200,142800
671,2377835,42,195000,0,96.0,17,2023-04-22T22:20,0,195000
672,2572753,43,187000,0,100.0,1,2023-04-22T22:20,0,187000
673,2464111,44,207200,259000,0.0,0,2023-04-22T22:20,-31080,176120
674,3053225,45,159000,0,100.0,2,2023-04-22T22:20,0,159000
675,3231118,46,178600,188000,0.0,0,2023-04-22T22:20,-8930,169670
676,3109653,47,194600,278000,0.0,0,2023-04-22T22:20,0,194600
677,2533597,48,45050,53000,96.0,115,2023-04-22T22:20,-4505,40545
678,2512635,49,35400,59000,96.0,227,2023-04-22T22:20,0,35400
679,3115366,50,196200,218000,0.0,0,2023-04-22T22:20,0,196200
680,2568590,51,185000,0,100.0,5,2023-04-22T22:20,0,185000
681,1840913,52,143200,179000,92.0,17,2023-04-22T22:20,0,143200
682,3227586,53,159000,0,0.0,0,2023-04-22T22:20,-15900,143100
683,3187364,54,59900,0,0.0,0,2023-04-22T22:20,-8985,50915
684,3196932,55,159000,0,100.0,2,2023-04-22T22:20,0,159000
685,3146767,56,179000,0,0.0,0,2023-04-22T22:20,-32220,146780
686,1630818,57,189000,0,80.0,1,2023-04-22T22:20,0,189000
687,2455888,58,205200,228000,100.0,1,2023-04-22T22:20,0,205200
688,3065781,59,179000,0,90.0,2,2023-04-22T22:20,0,179000
689,3066052,60,176700,186000,100.0,1,2023-04-22T22:20,0,176700
690,3130634,61,149000,0,86.0,3,2023-04-22T22:20,-7450,141550
691,3250596,62,168000,0,0.0,0,2023-04-22T22:20,0,168000
692,3220950,63,158000,198000,0.0,0,2023-04-22T22:20,-7900,150100
693,3156832,64,89000,0,95.0,4,2023-04-22T22:20,0,89000
694,2525493,65,171500,245000,0.0,0,2023-04-22T22:20,0,171500
695,3228630,66,135150,159000,0.0,0,2023-04-22T22:20,0,135150
696,3165668,67,159000,259000,0.0,0,2023-04-22T22:20,0,159000
697,3228639,68,135150,159000,0.0,0,2023-04-22T22:20,0,135150
698,3242276,69,164000,0,0.0,0,2023-04-22T22:20,0,164000
699,1881469,70,165000,0,94.0,19,2023-04-22T22:20,0,165000
700,2478586,71,169200,188000,100.0,2,2023-04-22T22:20,-8460,160740
701,3138205,72,147250,155000,0.0,0,2023-04-22T22:20,0,147250
702,3195133,73,159000,0,0.0,0,2023-04-22T22:20,-15900,143100
703,3228631,74,135150,159000,0.0,0,2023-04-22T22:20,0,135150
704,2645497,75,159000,0,0.0,0,2023-04-22T22:20,0,159000
705,2585141,76,148000,0,86.0,6,2023-04-22T22:20,-7400,140600
706,2578482,77,153300,219000,100.0,2,2023-04-22T22:20,0,153300
707,3147433,78,154000,0,0.0,0,2023-04-22T22:20,0,154000
708,3099002,79,135150,159000,100.0,1,2023-04-22T22:20,0,135150
709,2415480,80,148000,0,98.0,12,2023-04-22T22:20,0,148000
710,2245439,81,33190,36900,97.0,59,2023-04-22T22:20,0,33190
711,3194432,82,150000,250000,0.0,0,2023-04-22T22:20,-22500,127500
712,3228642,83,135150,159000,0.0,0,2023-04-22T22:20,0,135150
713,3228633,84,135150,159000,0.0,0,2023-04-22T22:20,0,135150
714,1537416,85,57800,68000,90.0,134,2023-04-22T22:20,0,57800
715,1871030,86,133600,167000,95.0,102,2023-04-22T22:20,0,133600
716,3196948,87,129000,0,100.0,4,2023-04-22T22:20,0,129000
717,2044438,88,56000,70000,95.0,66,2023-04-22T22:20,0,56000
718,2489892,89,142200,158000,95.0,22,2023-04-22T22:20,0,142200
719,3153265,90,144000,0,0.0,0,2023-04-22T22:20,-28800,115200
720,3228597,1,75650,89000,0.0,0,2023-04-22T22:20,0,75650
721,3062952,2,98100,109000,100.0,21,2023-04-22T22:20,0,98100
722,2551401,3,37900,0,94.0,341,2023-04-22T22:20,0,37900
723,3174796,4,223200,248000,0.0,0,2023-04-22T22:20,-40176,183024
724,3031104,5,48300,69000,98.0,76,2023-04-22T22:20,-7245,41055
725,3099401,6,439000,0,0.0,0,2023-04-22T22:20,0,439000
726,3030882,7,218000,0,100.0,1,2023-04-22T22:20,-39240,178760
727,2830788,8,139000,0,96.0,26,2023-04-22T22:20,0,139000
728,3147257,9,378000,0,0.0,0,2023-04-22T22:20,-68040,309960
729,3051039,10,83300,119000,100.0,41,2023-04-22T22:20,0,83300
730,2829644,11,378000,0,100.0,3,2023-04-22T22:20,-68040,309960
731,2713273,12,359000,0,100.0,1,2023-04-22T22:20,0,359000
732,3073252,13,160200,178000,100.0,6,2023-04-22T22:20,-28836,131364
733,2830762,14,139000,0,99.0,49,2023-04-22T22:20,0,139000
734,3118978,15,318000,0,80.0,1,2023-04-22T22:20,-57240,260760
735,3047913,16,318000,0,0.0,0,2023-04-22T22:20,-57240,260760
736,3118976,17,318000,0,0.0,0,2023-04-22T22:20,-57240,260760
737,3118977,18,318000,0,0.0,0,2023-04-22T22:20,-57240,260760
738,3228592,19,75650,89000,0.0,0,2023-04-22T22:20,0,75650
739,2716675,20,39900,59000,96.0,188,2023-04-22T22:20,-5985,33915
740,2864414,21,69300,99000,95.0,102,2023-04-22T22:20,-10395,58905
741,3105866,22,89000,0,97.0,7,2023-04-22T22:20,-13350,75650
742,3190573,23,264000,378000,0.0,0,2023-04-22T22:20,-47520,216480
743,3221450,24,286200,318000,0.0,0,2023-04-22T22:20,-51516,234684
744,3120257,25,134100,149000,100.0,1,2023-04-22T22:20,0,134100
745,2978106,26,49900,0,100.0,10,2023-04-22T22:20,-4990,44910
746,3038073,27,84150,99000,96.0,5,2023-04-22T22:20,0,84150
747,2535468,28,236600,338000,95.0,12,2023-04-22T22:20,-42588,194012
748,3144417,29,71100,79000,100.0,3,2023-04-22T22:20,0,71100
749,2429118,30,236600,338000,96.0,10,2023-04-22T22:20,-42588,194012
750,2850491,31,250600,358000,100.0,5,2023-04-22T22:20,-45108,205492
751,1931894,32,37900,0,95.0,541,2023-04-22T22:20,0,37900
752,3038047,33,107100,119000,100.0,6,2023-04-22T22:20,0,107100
753,1944554,34,36900,0,96.0,567,2023-04-22T22:20,-3690,33210
754,2117249,35,29590,32900,94.0,464,2023-04-22T22:20,-2959,26631
755,2360537,36,77900,82000,96.0,90,2023-04-22T22:20,0,77900
756,3142895,37,89100,99000,0.0,0,2023-04-22T22:20,0,89100
757,3144257,38,66000,82000,93.0,3,2023-04-22T22:20,-9900,56100
758,2413507,39,116100,129000,95.0,45,2023-04-22T22:20,-20898,95202
759,3095062,40,224000,0,0.0,0,2023-04-22T22:20,0,224000
760,3228603,41,84150,99000,0.0,0,2023-04-22T22:20,0,84150
761,2377804,42,198000,0,93.0,38,2023-04-22T22:20,-35640,162360
762,2664570,43,116000,0,97.0,9,2023-04-22T22:20,-20880,95120
763,2378594,44,88200,98000,95.0,132,2023-04-22T22:20,0,88200
764,2017522,45,218000,0,0.0,0,2023-04-22T22:20,0,218000
765,3132470,46,93000,0,0.0,0,2023-04-22T22:20,0,93000
766,1324169,47,29900,0,95.0,1361,2023-04-22T22:20,0,29900
767,2942764,48,189000,0,98.0,14,2023-04-22T22:20,-28350,160650
768,2632557,49,203000,290000,100.0,3,2023-04-22T22:20,-36540,166460
769,2377805,50,198000,0,94.0,22,2023-04-22T22:20,-35640,162360
770,2541603,51,203000,290000,0.0,0,2023-04-22T22:20,-36540,166460
771,2894402,52,208800,348000,0.0,0,2023-04-22T22:20,-37584,171216
772,3117200,53,208600,298000,0.0,0,2023-04-22T22:20,-37548,171052
773,3198566,54,59000,0,88.0,9,2023-04-22T22:20,-8850,50150
774,3126113,55,55300,79000,88.0,16,2023-04-22T22:20,-8295,47005
775,1645762,56,39390,43900,94.0,352,2023-04-22T22:20,0,39390
776,2959679,57,104250,139000,97.0,14,2023-04-22T22:20,0,104250
777,2591002,58,196200,218000,100.0,4,2023-04-22T22:20,-35316,160884
778,2771725,59,166600,238000,94.0,15,2023-04-22T22:20,-29988,136612
779,3134486,60,188340,219000,0.0,0,2023-04-22T22:20,-33902,154438
780,3152414,61,125000,0,100.0,8,2023-04-22T22:20,0,125000
781,3142894,62,80100,89000,100.0,1,2023-04-22T22:20,0,80100
782,3040745,63,88000,110000,95.0,20,2023-04-22T22:20,-13200,74800
783,3047742,64,71100,79000,85.0,11,2023-04-22T22:20,0,71100
784,3135305,65,38500,55000,100.0,8,2023-04-22T22:20,-5775,32725
785,3144344,66,66000,82000,100.0,1,2023-04-22T22:20,-9900,56100
786,3081767,67,169000,0,93.0,9,2023-04-22T22:20,0,169000
787,3073254,68,160200,178000,93.0,9,2023-04-22T22:20,-28836,131364
788,3000422,69,59000,0,96.0,45,2023-04-22T22:20,0,59000
789,3179337,70,183000,0,0.0,0,2023-04-22T22:20,0,183000
790,3038069,71,84150,99000,100.0,15,2023-04-22T22:20,0,84150
791,3070530,72,168000,0,100.0,2,2023-04-22T22:20,0,168000
792,3058721,73,86400,96000,93.0,9,2023-04-22T22:20,-15552,70848
793,2081591,74,179400,299000,0.0,0,2023-04-22T22:20,-32292,147108
794,3073232,75,151200,168000,100.0,1,2023-04-22T22:20,-27216,123984
795,3073247,76,169200,188000,100.0,2,2023-04-22T22:20,-30456,138744
796,3210874,77,79200,99000,100.0,1,2023-04-22T22:20,0,79200
797,3122278,78,160200,178000,100.0,1,2023-04-22T22:20,-28836,131364
798,2942722,79,149000,0,86.0,3,2023-04-22T22:20,0,149000
799,3122281,80,160200,178000,100.0,4,2023-04-22T22:20,-28836,131364
800,2448902,81,43900,0,95.0,111,2023-04-22T22:20,0,43900
801,2551400,82,39900,0,93.0,151,2023-04-22T22:20,0,39900
802,2117256,83,32190,37900,95.0,264,2023-04-22T22:20,0,32190
803,2571681,84,149000,0,86.0,9,2023-04-22T22:20,0,149000
804,2830808,85,139000,0,97.0,15,2023-04-22T22:20,0,139000
805,2756335,86,125400,132000,97.0,69,2023-04-22T22:20,0,125400
806,3170471,87,139000,0,100.0,1,2023-04-22T22:20,0,139000
807,3141050,88,148000,0,0.0,0,2023-04-22T22:20,0,148000
808,3213362,89,149000,0,0.0,0,2023-04-22T22:20,0,149000
809,3070527,90,148000,0,0.0,0,2023-04-22T22:20,0,148000
810,991339,1,17890,19900,97.0,53538,2023-04-22T22:20,0,17890
811,998051,2,15900,24000,97.0,164661,2023-04-22T22:20,0,15900
812,1986031,3,27900,0,97.0,10890,2023-04-22T22:20,0,27900
813,991340,4,19900,0,97.0,31099,2023-04-22T22:20,0,19900
814,763821,5,16900,22000,96.0,31567,2023-04-22T22:20,0,16900
815,1094835,6,15900,0,97.0,6302,2023-04-22T22:20,0,15900
816,792919,7,15190,16900,96.0,18005,2023-04-22T22:20,0,15190
817,1477845,8,15400,22000,96.0,9871,2023-04-22T22:20,0,15400
818,1996705,9,23690,27900,98.0,2753,2023-04-22T22:20,0,23690
819,1094748,10,19900,0,97.0,19336,2023-04-22T22:20,0,19900
820,1996702,11,25090,27900,97.0,1971,2023-04-22T22:20,0,25090
821,991341,12,16890,19900,96.0,10292,2023-04-22T22:20,0,16890
822,1986029,13,25090,27900,97.0,4015,2023-04-22T22:20,0,25090
823,746158,14,19390,22900,96.0,20578,2023-04-22T22:20,0,19390
824,2845854,15,13000,18900,97.0,308,2023-04-22T22:20,-2600,10400
825,792920,16,15190,16900,96.0,9720,2023-04-22T22:20,0,15190
826,1342874,17,16900,33000,97.0,13121,2023-04-22T22:20,0,16900
827,1092994,18,19390,22900,96.0,2673,2023-04-22T22:20,0,19390
828,792921,19,15190,16900,95.0,7827,2023-04-22T22:20,0,15190
829,746154,20,17900,0,96.0,5220,2023-04-22T22:20,0,17900
830,734085,21,13900,19800,96.0,65246,2023-04-22T22:20,0,13900
831,1996704,22,22290,27900,97.0,725,2023-04-22T22:20,0,22290
832,1094837,23,13490,15900,96.0,1781,2023-04-22T22:20,0,13490
833,1986030,24,25090,27900,97.0,1717,2023-04-22T22:20,0,25090
834,1443937,25,12900,24000,97.0,8231,2023-04-22T22:20,0,12900
835,1729576,26,9900,13900,97.0,16391,2023-04-22T22:20,-1485,8415
836,991570,27,12900,20000,97.0,19194,2023-04-22T22:20,0,12900
837,1821485,28,30000,0,96.0,1300,2023-04-22T22:20,0,30000
838,1062063,29,9490,15900,96.0,2180,2023-04-22T22:20,0,9490
839,3009680,30,12590,14900,98.0,151,2023-04-22T22:20,0,12590
840,1974077,31,37490,46900,97.0,909,2023-04-22T22:20,0,37490
841,3033249,32,15000,0,95.0,290,2023-04-22T22:20,0,15000
842,479245,33,15400,22000,93.0,5453,2023-04-22T22:20,0,15400
843,2297277,34,19900,22000,96.0,326,2023-04-22T22:20,0,19900
844,1346009,35,9900,12000,97.0,6776,2023-04-22T22:20,-1485,8415
845,2821598,36,19390,22900,97.0,164,2023-04-22T22:20,0,19390
846,2832613,37,11900,33000,97.0,816,2023-04-22T22:20,0,11900
847,746159,38,19390,22900,95.0,28757,2023-04-22T22:20,0,19390
848,2011852,39,21490,23900,97.0,1327,2023-04-22T22:20,0,21490
849,2960555,40,19000,0,93.0,129,2023-04-22T22:20,0,19000
850,2973952,41,28800,48000,95.0,18,2023-04-22T22:20,-5184,23616
851,2477854,42,16890,19900,98.0,1482,2023-04-22T22:20,0,16890
852,2821588,43,19690,21900,97.0,56,2023-04-22T22:20,0,19690
853,1573974,44,37490,46900,97.0,1454,2023-04-22T22:20,0,37490
854,1094750,45,16890,19900,97.0,3583,2023-04-22T22:20,0,16890
855,1094836,46,15900,0,97.0,1334,2023-04-22T22:20,0,15900
856,1286366,47,11900,24000,97.0,9856,2023-04-22T22:20,0,11900
857,1260384,48,19900,0,95.0,1809,2023-04-22T22:20,0,19900
858,1094834,49,20290,23900,96.0,2474,2023-04-22T22:20,0,20290
859,1392772,50,16890,19900,96.0,1150,2023-04-22T22:20,0,16890
860,2477852,51,16890,19900,98.0,694,2023-04-22T22:20,0,16890
861,2738095,52,17890,19900,95.0,112,2023-04-22T22:20,0,17890
862,1260383,53,19900,0,95.0,1466,2023-04-22T22:20,0,19900
863,1387502,54,12690,15900,95.0,519,2023-04-22T22:20,0,12690
864,1121544,55,15190,16900,96.0,870,2023-04-22T22:20,0,15190
865,2346958,56,18900,24000,97.0,533,2023-04-22T22:20,-2835,16065
866,2821589,57,19690,21900,96.0,43,2023-04-22T22:20,0,19690
867,3119311,58,35000,0,100.0,1,2023-04-22T22:20,0,35000
868,2122868,59,9900,13900,97.0,3945,2023-04-22T22:20,-1485,8415
869,2342849,60,15120,18900,91.0,132,2023-04-22T22:20,0,15120
870,1358721,61,14900,22000,96.0,1164,2023-04-22T22:20,-2235,12665
871,1475055,62,16900,22000,96.0,1188,2023-04-22T22:20,-2535,14365
872,1062062,63,16890,19900,96.0,1460,2023-04-22T22:20,0,16890
873,2821592,64,15590,20900,98.0,151,2023-04-22T22:20,0,15590
874,1392775,65,8290,11900,96.0,271,2023-04-22T22:20,0,8290
875,2347097,66,14900,24000,98.0,1629,2023-04-22T22:20,-2235,12665
876,783120,67,13900,0,96.0,1420,2023-04-22T22:20,0,13900
877,2973894,68,22000,27500,98.0,34,2023-04-22T22:20,-1100,20900
878,958997,69,15190,17900,95.0,1422,2023-04-22T22:20,0,15190
879,1045103,70,9490,15900,95.0,2425,2023-04-22T22:20,0,9490
880,1094749,71,19900,0,96.0,4985,2023-04-22T22:20,0,19900
881,2738094,72,17890,19900,96.0,178,2023-04-22T22:20,0,17890
882,1360044,73,17890,19900,97.0,1768,2023-04-22T22:20,0,17890
883,746155,74,17900,0,95.0,1274,2023-04-22T22:20,0,17900
884,1547562,75,15400,22000,95.0,1380,2023-04-22T22:20,0,15400
885,1260385,76,16890,19900,95.0,800,2023-04-22T22:20,0,16890
886,2301399,77,13800,15200,97.0,291,2023-04-22T22:20,-2070,11730
887,1392773,78,16890,19900,95.0,1481,2023-04-22T22:20,0,16890
888,2829802,79,13000,18900,96.0,31,2023-04-22T22:20,-2600,10400
889,2821599,80,20590,22900,97.0,128,2023-04-22T22:20,0,20590
890,746161,81,19390,22900,95.0,7740,2023-04-22T22:20,0,19390
891,1296443,82,17900,23800,97.0,941,2023-04-22T22:20,-2685,15215
892,2606036,83,16200,24000,96.0,105,2023-04-22T22:20,-2430,13770
893,472686,84,9900,14800,94.0,771,2023-04-22T22:20,0,9900
894,3184279,85,38400,48000,0.0,0,2023-04-22T22:20,0,38400
895,3026986,86,25900,0,100.0,6,2023-04-22T22:20,0,25900
896,3129048,87,19000,0,100.0,13,2023-04-22T22:20,-1900,17100
897,1346070,88,9900,12000,97.0,1906,2023-04-22T22:20,-1485,8415
898,2959926,89,14850,16500,98.0,164,2023-04-22T22:20,-743,14107
899,752821,90,9900,0,94.0,23874,2023-04-22T22:20,0,9900
