,item_id,rank,price,del_price,rating,rating_count,time,coupon,real_price
0,3175768,1,49500,66000,0.0,0,2023-04-10T21:35,-4950,44550
1,3175651,2,39600,55000,0.0,0,2023-04-10T21:35,-3960,35640
2,2272830,3,35910,39900,97.0,19510,2023-04-10T21:35,-3591,32319
3,1848166,4,44100,49000,97.0,41133,2023-04-10T21:35,0,44100
4,1706634,5,199000,0,97.0,1553,2023-04-10T21:35,0,199000
5,3010415,6,219000,0,97.0,39,2023-04-10T21:35,0,219000
6,2086653,7,16900,0,97.0,39758,2023-04-10T21:35,0,16900
7,2442409,8,39000,78000,96.0,8980,2023-04-10T21:35,-5850,33150
8,345889,9,29900,47900,95.0,9913,2023-04-10T21:35,0,29900
9,1498103,10,199000,0,96.0,869,2023-04-10T21:35,0,199000
10,2646350,11,59800,94000,95.0,4310,2023-04-10T21:35,-5980,53820
11,1706633,12,199000,0,97.0,2408,2023-04-10T21:35,0,199000
12,1882578,13,35910,39900,97.0,9714,2023-04-10T21:35,0,35910
13,2377269,14,38250,45000,97.0,3962,2023-04-10T21:35,0,38250
14,1763157,15,44200,52000,95.0,2659,2023-04-10T21:35,0,44200
15,3176119,16,69000,0,0.0,0,2023-04-10T21:35,0,69000
16,2612829,17,44900,67900,97.0,1731,2023-04-10T21:35,-8980,35920
17,3105468,18,67150,79000,98.0,60,2023-04-10T21:35,0,67150
18,2479911,19,49400,76000,97.0,4313,2023-04-10T21:35,0,49400
19,3187851,20,49900,110000,99.0,143,2023-04-10T21:35,0,49900
20,3176118,21,69000,0,100.0,3,2023-04-10T21:35,0,69000
21,1921901,22,36900,70500,96.0,7626,2023-04-10T21:35,0,36900
22,3148953,23,219000,0,100.0,6,2023-04-10T21:35,0,219000
23,2313388,24,68000,85000,96.0,2145,2023-04-10T21:35,-13600,54400
24,2996536,25,39900,59000,96.0,564,2023-04-10T21:35,-7980,31920
25,2392759,26,39900,49600,95.0,4071,2023-04-10T21:35,-3990,35910
26,3175869,27,54000,72000,0.0,0,2023-04-10T21:35,-5400,48600
27,2491348,28,19800,0,96.0,3856,2023-04-10T21:35,0,19800
28,2149254,29,37800,0,97.0,33551,2023-04-10T21:35,-5670,32130
29,1884943,30,29900,39000,96.0,18934,2023-04-10T21:35,0,29900
30,1939099,31,24500,49000,97.0,11795,2023-04-10T21:35,-2450,22050
31,3206068,32,52900,74000,98.0,282,2023-04-10T21:35,0,52900
32,2375962,33,59000,62000,98.0,5513,2023-04-10T21:35,-5900,53100
33,1763123,34,84550,89000,96.0,1670,2023-04-10T21:35,0,84550
34,1846929,35,19500,39000,96.0,1501,2023-04-10T21:35,-1950,17550
35,1582356,36,49200,82000,96.0,16214,2023-04-10T21:35,0,49200
36,2034137,37,31800,0,97.0,17318,2023-04-10T21:35,-4770,27030
37,2409397,38,31500,45000,97.0,2773,2023-04-10T21:35,-3150,28350
38,2285512,39,44200,52000,96.0,1728,2023-04-10T21:35,0,44200
39,2065708,40,59000,62000,98.0,6689,2023-04-10T21:35,-5900,53100
40,2122566,41,33800,0,97.0,16229,2023-04-10T21:35,-5070,28730
41,2015684,42,39000,0,94.0,6417,2023-04-10T21:35,0,39000
42,2455995,43,54900,82900,96.0,131,2023-04-10T21:35,-10980,43920
43,2043036,44,59900,97900,95.0,7506,2023-04-10T21:35,-11980,47920
44,2396645,45,39900,59000,96.0,23537,2023-04-10T21:35,-7980,31920
45,2453556,46,39900,42000,97.0,6292,2023-04-10T21:35,0,39900
46,2314616,47,39000,43000,97.0,8320,2023-04-10T21:35,0,39000
47,1005680,48,17500,35000,95.0,9193,2023-04-10T21:35,0,17500
48,1817394,49,59900,150000,93.0,7237,2023-04-10T21:35,0,59900
49,1779737,50,28800,32000,96.0,7262,2023-04-10T21:35,0,28800
50,3042516,51,42000,65000,96.0,91,2023-04-10T21:35,-8400,33600
51,1336398,52,40200,67000,96.0,19091,2023-04-10T21:35,0,40200
52,3143791,53,39900,68000,97.0,132,2023-04-10T21:35,-7980,31920
53,1706635,54,199000,0,97.0,487,2023-04-10T21:35,0,199000
54,2368712,55,38700,43000,97.0,5600,2023-04-10T21:35,-1935,36765
55,1899755,56,29900,39000,96.0,4985,2023-04-10T21:35,0,29900
56,3046828,57,46000,0,100.0,8,2023-04-10T21:35,-4600,41400
57,1503352,58,39900,42000,97.0,8444,2023-04-10T21:35,0,39900
58,3180166,59,31200,39000,99.0,62,2023-04-10T21:35,0,31200
59,997781,60,29800,42000,95.0,673,2023-04-10T21:35,0,29800
60,994588,61,39900,53000,93.0,6065,2023-04-10T21:35,-3990,35910
61,2058169,62,39200,49000,96.0,1365,2023-04-10T21:35,-3920,35280
62,1742666,63,37000,66000,96.0,3936,2023-04-10T21:35,0,37000
63,1944612,64,35800,59700,97.0,2898,2023-04-10T21:35,0,35800
64,2364807,65,219000,0,96.0,716,2023-04-10T21:35,0,219000
65,2376233,66,36000,0,97.0,2235,2023-04-10T21:35,0,36000
66,2376229,67,36000,0,97.0,3849,2023-04-10T21:35,0,36000
67,2163932,68,49000,59000,97.0,2292,2023-04-10T21:35,-4900,44100
68,2038497,69,36000,45000,95.0,16369,2023-04-10T21:35,-3600,32400
69,1005683,70,17500,35000,95.0,10847,2023-04-10T21:35,0,17500
70,1417691,71,13900,0,97.0,18624,2023-04-10T21:35,0,13900
71,1420730,72,35000,58000,95.0,36042,2023-04-10T21:35,-7000,28000
72,3071087,73,84550,89000,95.0,417,2023-04-10T21:35,0,84550
73,1793993,74,199000,0,98.0,257,2023-04-10T21:35,0,199000
74,2037465,75,39900,59000,96.0,414,2023-04-10T21:35,-7980,31920
75,1608272,76,39800,65590,96.0,4123,2023-04-10T21:35,0,39800
76,2913656,77,47900,64000,96.0,347,2023-04-10T21:35,-4790,43110
77,3052036,78,59400,66000,96.0,171,2023-04-10T21:35,0,59400
78,2693978,79,134000,149000,97.0,216,2023-04-10T21:35,0,134000
79,897632,80,49900,69000,93.0,16296,2023-04-10T21:35,0,49900
80,2326935,81,55300,79000,96.0,12995,2023-04-10T21:35,-5530,49770
81,2877493,82,59800,92000,95.0,1464,2023-04-10T21:35,0,59800
82,1943792,83,34400,43000,96.0,5421,2023-04-10T21:35,0,34400
83,1828538,84,39900,69900,95.0,2956,2023-04-10T21:35,0,39900
84,1126435,85,49900,69000,94.0,5636,2023-04-10T21:35,0,49900
85,2305840,86,59700,0,97.0,3993,2023-04-10T21:35,0,59700
86,3134405,87,44910,49900,98.0,135,2023-04-10T21:35,0,44910
87,3067178,88,31500,35000,95.0,89,2023-04-10T21:35,0,31500
88,2457846,89,37900,82900,95.0,1452,2023-04-10T21:35,0,37900
89,2851485,90,66900,68900,96.0,482,2023-04-10T21:35,0,66900
90,2723218,1,69900,109000,97.0,2327,2023-04-10T21:35,0,69900
91,3109424,2,199000,0,97.0,44,2023-04-10T21:35,0,199000
92,1778404,3,42000,45000,96.0,67417,2023-04-10T21:35,0,42000
93,1558197,4,73690,81900,97.0,32448,2023-04-10T21:35,0,73690
94,3037472,5,69900,85900,98.0,130,2023-04-10T21:35,0,69900
95,1856181,6,35910,39900,97.0,7583,2023-04-10T21:35,-3591,32319
96,1571879,7,79900,112900,96.0,7106,2023-04-10T21:35,-15980,63920
97,3012082,8,59900,79000,96.0,1030,2023-04-10T21:35,-11980,47920
98,1790383,9,59000,86000,95.0,5571,2023-04-10T21:35,0,59000
99,1283757,10,75490,83900,96.0,26709,2023-04-10T21:35,0,75490
100,2061715,11,83900,105000,97.0,2734,2023-04-10T21:35,0,83900
101,2020732,12,70900,89000,95.0,835,2023-04-10T21:35,0,70900
102,1576700,13,89000,129000,97.0,16835,2023-04-10T21:35,0,89000
103,1530517,14,69900,79000,96.0,2113,2023-04-10T21:35,-13980,55920
104,3132559,15,179100,199000,100.0,6,2023-04-10T21:35,0,179100
105,1195307,16,92700,103000,96.0,12649,2023-04-10T21:35,0,92700
106,2471405,17,89000,138000,97.0,2097,2023-04-10T21:35,0,89000
107,1530516,18,69900,79000,96.0,2358,2023-04-10T21:35,-13980,55920
108,2064545,19,59800,94000,97.0,11183,2023-04-10T21:35,-2990,56810
109,2343198,20,119000,129000,97.0,5043,2023-04-10T21:35,0,119000
110,1776552,21,59000,69000,94.0,6145,2023-04-10T21:35,-5900,53100
111,1760177,22,139200,174000,97.0,329,2023-04-10T21:35,0,139200
112,3033224,23,59900,74000,97.0,658,2023-04-10T21:35,-11980,47920
113,1108007,24,79900,0,95.0,47900,2023-04-10T21:35,0,79900
114,841230,25,154000,172000,96.0,7296,2023-04-10T21:35,0,154000
115,1737051,26,62300,89000,96.0,5117,2023-04-10T21:35,0,62300
116,3098417,27,159000,199000,97.0,568,2023-04-10T21:35,0,159000
117,1571878,28,79900,112900,96.0,4698,2023-04-10T21:35,-15980,63920
118,1778408,29,42000,45000,95.0,11735,2023-04-10T21:35,0,42000
119,1833230,30,108800,136000,97.0,5443,2023-04-10T21:35,0,108800
120,2788216,31,146000,159000,98.0,121,2023-04-10T21:35,0,146000
121,2284220,32,79900,112900,96.0,1707,2023-04-10T21:35,-15980,63920
122,864404,33,108000,135000,95.0,13392,2023-04-10T21:35,0,108000
123,2723216,34,69900,109000,97.0,1120,2023-04-10T21:35,0,69900
124,3148956,35,279000,0,0.0,0,2023-04-10T21:35,0,279000
125,1618312,36,83900,0,97.0,7156,2023-04-10T21:35,-8390,75510
126,2159724,37,29900,32000,95.0,2299,2023-04-10T21:35,0,29900
127,3055246,38,159000,0,97.0,58,2023-04-10T21:35,0,159000
128,3096451,39,124200,138000,99.0,43,2023-04-10T21:35,0,124200
129,2715055,40,159000,189000,97.0,2015,2023-04-10T21:35,0,159000
130,3100493,41,139000,0,97.0,39,2023-04-10T21:35,0,139000
131,3049002,42,89900,139000,95.0,53,2023-04-10T21:35,0,89900
132,2288426,43,69000,109000,94.0,824,2023-04-10T21:35,-6900,62100
133,2732486,44,109000,179000,98.0,708,2023-04-10T21:35,0,109000
134,2752332,45,94700,105300,95.0,2601,2023-04-10T21:35,0,94700
135,2322836,46,139200,174000,97.0,1030,2023-04-10T21:35,0,139200
136,3042243,47,159200,199000,91.0,40,2023-04-10T21:35,-23880,135320
137,3025211,48,44900,69000,97.0,201,2023-04-10T21:35,-8980,35920
138,3058783,49,192000,209000,95.0,38,2023-04-10T21:35,0,192000
139,2670700,50,268200,298000,98.0,1200,2023-04-10T21:35,-26820,241380
140,2329532,51,119200,149000,97.0,3978,2023-04-10T21:35,0,119200
141,2283930,52,59900,69000,95.0,422,2023-04-10T21:35,-11980,47920
142,2890926,53,79200,99000,98.0,69,2023-04-10T21:35,0,79200
143,2935313,54,80100,89000,98.0,203,2023-04-10T21:35,0,80100
144,2340661,55,2453000,3090000,100.0,3,2023-04-10T21:35,0,2453000
145,1291017,56,67900,96000,95.0,13023,2023-04-10T21:35,0,67900
146,2718413,57,126650,149000,97.0,1445,2023-04-10T21:35,0,126650
147,3010527,58,237150,279000,98.0,223,2023-04-10T21:35,0,237150
148,3029811,59,63200,79000,97.0,264,2023-04-10T21:35,0,63200
149,1558683,60,81900,0,97.0,6237,2023-04-10T21:35,0,81900
150,1337096,61,69900,0,97.0,2971,2023-04-10T21:35,0,69900
151,1139192,62,71100,94900,97.0,14421,2023-04-10T21:35,-7110,63990
152,1576682,63,245000,339000,97.0,8598,2023-04-10T21:35,0,245000
153,2288704,64,121000,132000,97.0,3447,2023-04-10T21:35,-6050,114950
154,2710931,65,55300,79000,96.0,410,2023-04-10T21:35,0,55300
155,2668986,66,35910,39900,96.0,3551,2023-04-10T21:35,-3591,32319
156,1620285,67,299000,0,97.0,167,2023-04-10T21:35,0,299000
157,3037473,68,69900,85900,97.0,226,2023-04-10T21:35,0,69900
158,2572705,69,168300,198000,96.0,62,2023-04-10T21:35,-25245,143055
159,3042936,70,90900,105000,96.0,348,2023-04-10T21:35,0,90900
160,3131837,71,74000,95000,94.0,53,2023-04-10T21:35,0,74000
161,1776550,72,59000,69000,94.0,4153,2023-04-10T21:35,-5900,53100
162,3030665,73,139200,174000,96.0,246,2023-04-10T21:35,0,139200
163,3042244,74,159200,199000,97.0,85,2023-04-10T21:35,-23880,135320
164,1817381,75,47900,69000,96.0,1091,2023-04-10T21:35,0,47900
165,3125671,76,148000,0,98.0,21,2023-04-10T21:35,0,148000
166,1337094,77,69900,0,95.0,5424,2023-04-10T21:35,0,69900
167,1873073,78,75490,83900,97.0,4070,2023-04-10T21:35,0,75490
168,640839,79,42390,49900,95.0,50413,2023-04-10T21:35,0,42390
169,2343199,80,119000,129000,98.0,1829,2023-04-10T21:35,0,119000
170,3036129,81,59800,94000,95.0,1744,2023-04-10T21:35,-2990,56810
171,1593755,82,89360,111700,97.0,14477,2023-04-10T21:35,0,89360
172,2100438,83,67890,79900,97.0,3751,2023-04-10T21:35,0,67890
173,1558671,84,81900,0,97.0,2984,2023-04-10T21:35,0,81900
174,3049001,85,89900,139000,98.0,33,2023-04-10T21:35,0,89900
175,1280576,86,37200,62000,96.0,25242,2023-04-10T21:35,0,37200
176,2329533,87,119200,149000,97.0,1404,2023-04-10T21:35,0,119200
177,3075946,88,69800,87000,94.0,42,2023-04-10T21:35,-6980,62820
178,3042246,89,159200,199000,96.0,50,2023-04-10T21:35,-23880,135320
179,1751722,90,53910,59900,97.0,3417,2023-04-10T21:35,-5391,48519
180,3098372,1,82000,139000,98.0,890,2023-04-10T21:35,0,82000
181,3062147,2,99000,149000,100.0,2,2023-04-10T21:35,0,99000
182,3175685,3,69800,110000,0.0,0,2023-04-10T21:35,-6980,62820
183,2112059,4,36400,0,97.0,43162,2023-04-10T21:35,0,36400
184,750908,5,34900,54000,96.0,84199,2023-04-10T21:35,0,34900
185,1149329,6,39900,0,96.0,86192,2023-04-10T21:35,0,39900
186,1551840,7,39000,0,97.0,83885,2023-04-10T21:35,0,39000
187,1924274,8,40500,66000,95.0,22548,2023-04-10T21:35,0,40500
188,2060719,9,55200,69000,96.0,5214,2023-04-10T21:35,-2760,52440
189,2092852,10,42000,52800,96.0,11209,2023-04-10T21:35,-2100,39900
190,3167182,11,89000,99000,100.0,4,2023-04-10T21:35,0,89000
191,2351467,12,39800,54000,96.0,6292,2023-04-10T21:35,0,39800
192,3175675,13,39600,55000,0.0,0,2023-04-10T21:35,-3960,35640
193,1168906,14,41900,0,97.0,71193,2023-04-10T21:35,0,41900
194,2112061,15,36400,52000,97.0,14773,2023-04-10T21:35,0,36400
195,858911,16,39000,49000,95.0,67020,2023-04-10T21:35,0,39000
196,2060717,17,55200,69000,95.0,3851,2023-04-10T21:35,-2760,52440
197,1370101,18,39000,89000,96.0,23027,2023-04-10T21:35,-1950,37050
198,1568057,19,49600,62000,96.0,22400,2023-04-10T21:35,0,49600
199,1552753,20,74100,78000,97.0,28213,2023-04-10T21:35,0,74100
200,1149328,21,39900,0,96.0,94587,2023-04-10T21:35,0,39900
201,2028327,22,49900,0,97.0,9158,2023-04-10T21:35,0,49900
202,1551839,23,39000,0,97.0,23627,2023-04-10T21:35,0,39000
203,2032901,24,39900,0,97.0,6859,2023-04-10T21:35,0,39900
204,1573215,25,133200,148000,98.0,9325,2023-04-10T21:35,0,133200
205,1926048,26,32000,0,97.0,14752,2023-04-10T21:35,0,32000
206,1555407,27,74100,78000,97.0,11628,2023-04-10T21:35,0,74100
207,2351444,28,39800,54000,95.0,4401,2023-04-10T21:35,0,39800
208,2060759,29,59800,74800,97.0,7266,2023-04-10T21:35,-2990,56810
209,1736085,30,39900,59800,96.0,36888,2023-04-10T21:35,0,39900
210,3141395,31,49900,73900,96.0,186,2023-04-10T21:35,-9980,39920
211,2028326,32,49900,0,97.0,6236,2023-04-10T21:35,0,49900
212,2184087,33,49000,89000,96.0,4111,2023-04-10T21:35,-2450,46550
213,2060720,34,55200,69000,95.0,2581,2023-04-10T21:35,-2760,52440
214,2706287,35,29000,54000,95.0,3843,2023-04-10T21:35,0,29000
215,2789111,36,79200,99000,97.0,866,2023-04-10T21:35,0,79200
216,1168922,37,43900,0,96.0,18234,2023-04-10T21:35,0,43900
217,3043508,38,71200,89000,97.0,133,2023-04-10T21:35,0,71200
218,890521,39,39800,63000,94.0,11169,2023-04-10T21:35,0,39800
219,1568032,40,49600,62000,96.0,6185,2023-04-10T21:35,0,49600
220,2723714,41,52000,58000,96.0,1579,2023-04-10T21:35,0,52000
221,1222184,42,41900,0,97.0,48448,2023-04-10T21:35,0,41900
222,890338,43,39000,49000,95.0,47763,2023-04-10T21:35,0,39000
223,2092849,44,42000,52800,96.0,9811,2023-04-10T21:35,-2100,39900
224,2789091,45,79200,99000,96.0,819,2023-04-10T21:35,0,79200
225,1892520,46,39900,71900,96.0,4914,2023-04-10T21:35,-7980,31920
226,883004,47,69900,89000,94.0,9483,2023-04-10T21:35,0,69900
227,1477272,48,44200,68000,96.0,17895,2023-04-10T21:35,0,44200
228,1595607,49,57900,89000,97.0,5738,2023-04-10T21:35,0,57900
229,2503133,50,42000,52800,96.0,3115,2023-04-10T21:35,-2100,39900
230,2150457,51,119250,159000,97.0,3879,2023-04-10T21:35,0,119250
231,2503134,52,42000,52800,96.0,5339,2023-04-10T21:35,-2100,39900
232,3098405,53,99000,149000,97.0,838,2023-04-10T21:35,0,99000
233,2562527,54,29400,42000,97.0,4053,2023-04-10T21:35,0,29400
234,2060743,55,33000,55000,95.0,3583,2023-04-10T21:35,0,33000
235,1627892,56,43900,0,97.0,11041,2023-04-10T21:35,0,43900
236,2877984,57,59000,0,97.0,428,2023-04-10T21:35,0,59000
237,2709031,58,42000,52800,96.0,3557,2023-04-10T21:35,-2100,39900
238,2131950,59,39000,49000,96.0,3933,2023-04-10T21:35,0,39000
239,2069531,60,49900,0,97.0,2226,2023-04-10T21:35,0,49900
240,2749153,61,66600,74000,97.0,582,2023-04-10T21:35,0,66600
241,1885631,62,39000,49000,96.0,23761,2023-04-10T21:35,0,39000
242,1854665,63,139000,0,97.0,1092,2023-04-10T21:35,0,139000
243,2049103,64,74100,78000,97.0,7196,2023-04-10T21:35,0,74100
244,3154647,65,49800,63000,96.0,53,2023-04-10T21:35,0,49800
245,3154688,66,49800,63000,97.0,123,2023-04-10T21:35,0,49800
246,2053438,67,111300,159000,96.0,16,2023-04-10T21:35,0,111300
247,2396607,68,31500,49000,96.0,2304,2023-04-10T21:35,0,31500
248,2744549,69,49600,62000,97.0,5175,2023-04-10T21:35,0,49600
249,1212776,70,28690,31900,96.0,23430,2023-04-10T21:35,0,28690
250,1929722,71,84150,99000,96.0,4315,2023-04-10T21:35,-16830,67320
251,890519,72,39800,63000,95.0,6815,2023-04-10T21:35,0,39800
252,2495075,73,49800,72000,95.0,12037,2023-04-10T21:35,-2490,47310
253,1985223,74,39000,89000,96.0,1676,2023-04-10T21:35,-1950,37050
254,1759490,75,84150,99000,96.0,7323,2023-04-10T21:35,-16830,67320
255,3124490,76,39800,53000,95.0,42,2023-04-10T21:35,0,39800
256,2569078,77,79000,0,96.0,2455,2023-04-10T21:35,0,79000
257,1324127,78,28790,33900,96.0,13777,2023-04-10T21:35,0,28790
258,1960424,79,49500,59000,95.0,1193,2023-04-10T21:35,0,49500
259,2358429,80,143100,159000,98.0,2651,2023-04-10T21:35,0,143100
260,3167183,81,89000,99000,100.0,1,2023-04-10T21:35,0,89000
261,2069532,82,49900,0,97.0,1382,2023-04-10T21:35,0,49900
262,2817384,83,59000,99000,97.0,156,2023-04-10T21:35,0,59000
263,2107115,84,121500,135000,98.0,11715,2023-04-10T21:35,0,121500
264,1976079,85,55200,69000,94.0,3608,2023-04-10T21:35,0,55200
265,999426,86,37900,56800,94.0,45730,2023-04-10T21:35,0,37900
266,2837340,87,53000,59000,96.0,846,2023-04-10T21:35,-10600,42400
267,1666442,88,49900,0,97.0,10951,2023-04-10T21:35,0,49900
268,2737165,89,69000,79000,96.0,2646,2023-04-10T21:35,-3450,65550
269,2028329,90,49900,0,96.0,6565,2023-04-10T21:35,0,49900
270,1789507,1,69900,79000,98.0,25933,2023-04-10T21:35,-6990,62910
271,1034480,2,135000,150000,97.0,18114,2023-04-10T21:35,0,135000
272,1969507,3,88000,0,98.0,5429,2023-04-10T21:35,0,88000
273,3038000,4,74700,83000,97.0,398,2023-04-10T21:35,-11205,63495
274,3101111,5,152150,179000,96.0,45,2023-04-10T21:35,0,152150
275,1835080,6,98000,0,97.0,2816,2023-04-10T21:35,0,98000
276,2979849,7,1852000,2370000,100.0,4,2023-04-10T21:35,0,1852000
277,1910358,8,89100,99000,98.0,2489,2023-04-10T21:35,-4455,84645
278,2344538,9,119000,0,98.0,6423,2023-04-10T21:35,0,119000
279,2700287,10,3159000,0,0.0,0,2023-04-10T21:35,0,3159000
280,2633468,11,1556000,0,0.0,0,2023-04-10T21:35,0,1556000
281,2271789,12,71100,79000,97.0,2539,2023-04-10T21:35,0,71100
282,1744101,13,103500,109000,98.0,2946,2023-04-10T21:35,0,103500
283,2889063,14,3110000,0,0.0,0,2023-04-10T21:35,0,3110000
284,1264107,15,65000,90000,97.0,6392,2023-04-10T21:35,0,65000
285,2637691,16,2730000,0,100.0,2,2023-04-10T21:35,0,2730000
286,2408317,17,145800,162000,96.0,389,2023-04-10T21:35,-14580,131220
287,2770508,18,138000,0,97.0,342,2023-04-10T21:35,0,138000
288,1581689,19,75600,89000,97.0,4003,2023-04-10T21:35,-3780,71820
289,2066837,20,79000,119000,97.0,6514,2023-04-10T21:35,-7900,71100
290,2320927,21,39000,51000,97.0,2177,2023-04-10T21:35,-3900,35100
291,2344540,22,96000,0,98.0,9261,2023-04-10T21:35,0,96000
292,3034751,23,64800,72000,97.0,502,2023-04-10T21:35,0,64800
293,1969488,24,88000,0,98.0,1768,2023-04-10T21:35,0,88000
294,2558648,25,119000,0,98.0,1279,2023-04-10T21:35,0,119000
295,3161058,26,188000,0,100.0,1,2023-04-10T21:35,-9400,178600
296,2743481,27,2010000,0,0.0,0,2023-04-10T21:35,0,2010000
297,1842449,28,84000,99000,97.0,5399,2023-04-10T21:35,0,84000
298,2343665,29,89000,0,97.0,4649,2023-04-10T21:35,0,89000
299,2458214,30,1879000,3395000,100.0,13,2023-04-10T21:35,0,1879000
300,2325729,31,87200,109000,97.0,804,2023-04-10T21:35,-13080,74120
301,693318,32,79000,110000,96.0,13188,2023-04-10T21:35,0,79000
302,3034745,33,75600,84000,97.0,171,2023-04-10T21:35,0,75600
303,1456515,34,49500,55000,97.0,8744,2023-04-10T21:35,0,49500
304,342189,35,39500,52000,95.0,15758,2023-04-10T21:35,0,39500
305,2700260,36,1764000,0,0.0,0,2023-04-10T21:35,0,1764000
306,2754080,37,88000,0,97.0,492,2023-04-10T21:35,0,88000
307,2630526,38,100000,0,96.0,635,2023-04-10T21:35,-5000,95000
308,3024801,39,138000,0,100.0,18,2023-04-10T21:35,0,138000
309,2422175,40,145800,162000,99.0,210,2023-04-10T21:35,-7290,138510
310,2514819,41,55000,66000,97.0,852,2023-04-10T21:35,-2750,52250
311,1564343,42,92800,119000,98.0,8111,2023-04-10T21:35,-4640,88160
312,1964770,43,59400,66000,97.0,2508,2023-04-10T21:35,0,59400
313,2688604,44,139000,159000,97.0,881,2023-04-10T21:35,-13900,125100
314,2633431,45,1556000,0,0.0,0,2023-04-10T21:35,0,1556000
315,1528287,46,46500,49000,96.0,4619,2023-04-10T21:35,0,46500
316,3020553,47,84500,89000,96.0,71,2023-04-10T21:35,0,84500
317,2975285,48,55250,65000,98.0,322,2023-04-10T21:35,0,55250
318,3045584,49,130500,145000,97.0,3782,2023-04-10T21:35,0,130500
319,2921768,50,1440000,2268000,0.0,0,2023-04-10T21:35,0,1440000
320,2657250,51,125400,149000,97.0,124,2023-04-10T21:35,0,125400
321,2856864,52,1339000,2167000,0.0,0,2023-04-10T21:35,0,1339000
322,2654166,53,75600,108000,94.0,78,2023-04-10T21:35,0,75600
323,1320752,54,67800,135000,97.0,4756,2023-04-10T21:35,-3390,64410
324,3029926,55,285000,0,99.0,57,2023-04-10T21:35,0,285000
325,2679537,56,145800,162000,95.0,108,2023-04-10T21:35,-14580,131220
326,2131513,57,399000,0,99.0,123,2023-04-10T21:35,0,399000
327,2930267,58,107100,119000,97.0,83,2023-04-10T21:35,-5355,101745
328,2112607,59,178000,0,97.0,363,2023-04-10T21:35,0,178000
329,1216585,60,29800,59000,95.0,13955,2023-04-10T21:35,-2980,26820
330,3149665,61,88200,98000,100.0,5,2023-04-10T21:35,-8820,79380
331,2673129,62,96700,129000,97.0,15,2023-04-10T21:35,0,96700
332,3034749,63,64800,72000,97.0,458,2023-04-10T21:35,0,64800
333,1247560,64,69900,79000,96.0,4273,2023-04-10T21:35,-6990,62910
334,2117345,65,288000,0,99.0,74,2023-04-10T21:35,0,288000
335,938746,66,80100,89000,95.0,12537,2023-04-10T21:35,0,80100
336,3011494,67,69900,79000,96.0,248,2023-04-10T21:35,-13980,55920
337,2235273,68,145000,0,98.0,183,2023-04-10T21:35,0,145000
338,2702033,69,127200,159000,97.0,408,2023-04-10T21:35,0,127200
339,1090160,70,99000,0,97.0,1316,2023-04-10T21:35,0,99000
340,2967335,71,1395000,2605000,85.0,4,2023-04-10T21:35,0,1395000
341,2914916,72,369000,439000,95.0,4,2023-04-10T21:35,0,369000
342,1534526,73,52200,55000,97.0,2460,2023-04-10T21:35,0,52200
343,1749492,74,89100,99000,98.0,3880,2023-04-10T21:35,0,89100
344,2306062,75,89000,139000,97.0,1194,2023-04-10T21:35,-8900,80100
345,2688927,76,65600,82000,97.0,659,2023-04-10T21:35,-9840,55760
346,3061969,77,80100,89000,96.0,25,2023-04-10T21:35,-4005,76095
347,1597319,78,89100,99000,97.0,597,2023-04-10T21:35,-4455,84645
348,2993947,79,100000,0,96.0,153,2023-04-10T21:35,-5000,95000
349,2998775,80,142200,158000,96.0,504,2023-04-10T21:35,0,142200
350,1758217,81,43900,56000,97.0,13157,2023-04-10T21:35,-2195,41705
351,2059496,82,71200,89000,97.0,1545,2023-04-10T21:35,-3560,67640
352,1736022,83,150400,188000,95.0,434,2023-04-10T21:35,-15040,135360
353,3045076,84,54600,84000,96.0,91,2023-04-10T21:35,-2730,51870
354,2672333,85,98100,109000,97.0,327,2023-04-10T21:35,-9810,88290
355,3047568,86,109650,129000,97.0,63,2023-04-10T21:35,-10965,98685
356,3029905,87,395000,0,100.0,36,2023-04-10T21:35,0,395000
357,2392115,88,78400,98000,96.0,374,2023-04-10T21:35,0,78400
358,3142123,89,290000,0,100.0,19,2023-04-10T21:35,0,290000
359,2624678,90,145000,0,96.0,130,2023-04-10T21:35,0,145000
360,186610,1,75900,85000,97.0,16568,2023-04-10T21:35,0,75900
361,930950,2,85000,0,95.0,383,2023-04-10T21:35,0,85000
362,969541,3,69000,0,97.0,29683,2023-04-10T21:35,0,69000
363,1762406,4,260000,0,98.0,3360,2023-04-10T21:35,0,260000
364,1762407,5,260000,0,97.0,3293,2023-04-10T21:35,0,260000
365,2638067,6,99000,139000,97.0,3120,2023-04-10T21:35,0,99000
366,2293400,7,129000,0,96.0,1004,2023-04-10T21:35,0,129000
367,1622068,8,119000,0,97.0,6675,2023-04-10T21:35,0,119000
368,816033,9,70900,89000,96.0,13338,2023-04-10T21:35,0,70900
369,2545799,10,149000,0,98.0,2157,2023-04-10T21:35,0,149000
370,2161992,11,69900,95000,98.0,3345,2023-04-10T21:35,0,69900
371,311052,12,53100,59000,97.0,41246,2023-04-10T21:35,0,53100
372,810034,13,85500,95000,97.0,45266,2023-04-10T21:35,0,85500
373,1469860,14,75000,0,97.0,6761,2023-04-10T21:35,0,75000
374,1622069,15,119000,0,98.0,5823,2023-04-10T21:35,0,119000
375,1470186,16,75000,0,97.0,2968,2023-04-10T21:35,0,75000
376,577636,17,99900,139000,95.0,31231,2023-04-10T21:35,0,99900
377,2839677,18,79900,109000,95.0,351,2023-04-10T21:35,0,79900
378,2320478,19,129000,0,97.0,520,2023-04-10T21:35,0,129000
379,1900410,20,129000,0,97.0,4914,2023-04-10T21:35,0,129000
380,181907,21,89900,119000,97.0,7147,2023-04-10T21:35,0,89900
381,1990244,22,129000,0,98.0,1102,2023-04-10T21:35,0,129000
382,716244,23,69900,95000,98.0,1227,2023-04-10T21:35,0,69900
383,2233180,24,75900,109000,97.0,14237,2023-04-10T21:35,0,75900
384,3200836,25,179000,0,0.0,0,2023-04-10T21:35,0,179000
385,810032,26,85500,95000,97.0,13766,2023-04-10T21:35,0,85500
386,810033,27,89100,99000,97.0,34276,2023-04-10T21:35,0,89100
387,2785168,28,179000,0,98.0,13,2023-04-10T21:35,0,179000
388,3030422,29,139000,0,96.0,858,2023-04-10T21:35,0,139000
389,1955217,30,89000,109000,96.0,5203,2023-04-10T21:35,0,89000
390,1792640,31,99000,0,98.0,3598,2023-04-10T21:35,0,99000
391,1017974,32,79000,0,95.0,2962,2023-04-10T21:35,0,79000
392,3033248,33,109000,0,97.0,659,2023-04-10T21:35,0,109000
393,311050,34,53100,59000,97.0,9067,2023-04-10T21:35,0,53100
394,490091,35,47900,69000,97.0,1007,2023-04-10T21:35,0,47900
395,490136,36,56900,95000,98.0,2367,2023-04-10T21:35,0,56900
396,1493265,37,85500,95000,98.0,4936,2023-04-10T21:35,0,85500
397,1296778,38,99000,0,98.0,2131,2023-04-10T21:35,0,99000
398,3096431,39,139000,0,99.0,57,2023-04-10T21:35,0,139000
399,2741233,40,109000,0,97.0,2748,2023-04-10T21:35,0,109000
400,2899656,41,109900,159000,95.0,114,2023-04-10T21:35,0,109900
401,587568,42,48900,99000,97.0,1268,2023-04-10T21:35,0,48900
402,1798273,43,75000,119000,96.0,1192,2023-04-10T21:35,0,75000
403,311051,44,58500,65000,97.0,19583,2023-04-10T21:35,0,58500
404,695334,45,78900,99000,96.0,9414,2023-04-10T21:35,0,78900
405,1494180,46,71100,79000,95.0,5258,2023-04-10T21:35,0,71100
406,2139107,47,64900,89000,95.0,404,2023-04-10T21:35,0,64900
407,2778805,48,99000,0,97.0,1018,2023-04-10T21:35,0,99000
408,1231944,49,119000,0,97.0,1333,2023-04-10T21:35,0,119000
409,2070761,50,329000,0,98.0,365,2023-04-10T21:35,0,329000
410,2229208,51,109000,0,97.0,1616,2023-04-10T21:35,0,109000
411,102620,52,69000,0,97.0,17915,2023-04-10T21:35,0,69000
412,1473136,53,119900,149000,97.0,10791,2023-04-10T21:35,0,119900
413,3024528,54,132050,139000,96.0,109,2023-04-10T21:35,0,132050
414,2207771,55,66900,89000,95.0,471,2023-04-10T21:35,0,66900
415,2899664,56,109900,159000,97.0,128,2023-04-10T21:35,0,109900
416,1354129,57,85000,99000,95.0,8722,2023-04-10T21:35,0,85000
417,2786813,58,149000,0,94.0,223,2023-04-10T21:35,0,149000
418,3091287,59,119000,0,98.0,330,2023-04-10T21:35,0,119000
419,1729744,60,76500,85000,97.0,3372,2023-04-10T21:35,0,76500
420,2809006,61,847000,1130000,99.0,34,2023-04-10T21:35,0,847000
421,490135,62,75900,95000,97.0,3306,2023-04-10T21:35,0,75900
422,2524840,63,139000,0,97.0,865,2023-04-10T21:35,0,139000
423,1017973,64,79000,0,96.0,1202,2023-04-10T21:35,0,79000
424,2756002,65,133200,148000,95.0,110,2023-04-10T21:35,-6660,126540
425,2268512,66,109000,0,97.0,460,2023-04-10T21:35,0,109000
426,2019709,67,69000,0,97.0,293,2023-04-10T21:35,0,69000
427,1868015,68,129000,0,97.0,1949,2023-04-10T21:35,0,129000
428,2731878,69,44900,79000,97.0,1718,2023-04-10T21:35,0,44900
429,1900420,70,129000,0,96.0,1507,2023-04-10T21:35,0,129000
430,2737458,71,230000,0,98.0,687,2023-04-10T21:35,0,230000
431,2861393,72,109900,139000,93.0,282,2023-04-10T21:35,0,109900
432,2682873,73,220000,0,98.0,121,2023-04-10T21:35,0,220000
433,3145338,74,105000,0,0.0,0,2023-04-10T21:35,0,105000
434,2469965,75,59900,149000,96.0,1089,2023-04-10T21:35,0,59900
435,1130307,76,109000,0,97.0,6058,2023-04-10T21:35,0,109000
436,1955210,77,89000,109000,95.0,1528,2023-04-10T21:35,0,89000
437,490134,78,75900,95000,97.0,2029,2023-04-10T21:35,0,75900
438,1718449,79,85500,95000,97.0,2094,2023-04-10T21:35,0,85500
439,1594352,80,85000,0,97.0,5588,2023-04-10T21:35,0,85000
440,3026686,81,109000,0,97.0,196,2023-04-10T21:35,0,109000
441,1744960,82,119900,149000,97.0,8247,2023-04-10T21:35,0,119900
442,2631192,83,98100,109000,98.0,394,2023-04-10T21:35,0,98100
443,2801304,84,414000,700000,98.0,190,2023-04-10T21:35,0,414000
444,1296776,85,99000,0,98.0,2946,2023-04-10T21:35,0,99000
445,3008383,86,75000,0,100.0,23,2023-04-10T21:35,0,75000
446,2909715,87,119000,0,97.0,98,2023-04-10T21:35,0,119000
447,3048690,88,89000,0,99.0,39,2023-04-10T21:35,0,89000
448,957758,89,89000,0,97.0,4509,2023-04-10T21:35,0,89000
449,2786814,90,149000,0,97.0,193,2023-04-10T21:35,0,149000
450,1092992,1,69000,0,97.0,37916,2023-04-10T21:35,0,69000
451,3124961,2,62100,69000,98.0,114,2023-04-10T21:35,-3105,58995
452,3134606,3,125100,139000,100.0,1,2023-04-10T21:35,-6255,118845
453,1334438,4,170000,0,96.0,4405,2023-04-10T21:35,0,170000
454,3062046,5,78300,87000,96.0,135,2023-04-10T21:35,-3915,74385
455,3061996,6,88200,98000,98.0,92,2023-04-10T21:35,-4410,83790
456,1339622,7,42900,59000,97.0,16348,2023-04-10T21:35,0,42900
457,2091749,8,80100,89000,95.0,6257,2023-04-10T21:35,0,80100
458,3134621,9,136800,152000,100.0,4,2023-04-10T21:35,-6840,129960
459,1720813,10,149000,0,97.0,456,2023-04-10T21:35,0,149000
460,1262092,11,250000,0,96.0,773,2023-04-10T21:35,0,250000
461,2433538,12,84660,102000,96.0,2406,2023-04-10T21:35,0,84660
462,2910082,13,265500,295000,98.0,479,2023-04-10T21:35,0,265500
463,1720822,14,209000,0,97.0,299,2023-04-10T21:35,0,209000
464,595039,15,210000,0,97.0,3529,2023-04-10T21:35,0,210000
465,2621831,16,59800,85000,95.0,719,2023-04-10T21:35,-5980,53820
466,1568047,17,159000,0,95.0,12021,2023-04-10T21:35,0,159000
467,1890398,18,138000,168000,96.0,2734,2023-04-10T21:35,0,138000
468,2736110,19,154000,220000,98.0,124,2023-04-10T21:35,0,154000
469,2101924,20,99900,0,96.0,1382,2023-04-10T21:35,0,99900
470,2432733,21,44900,59000,97.0,2843,2023-04-10T21:35,0,44900
471,3062069,22,71100,79000,99.0,43,2023-04-10T21:35,-3555,67545
472,1724193,23,251900,280000,98.0,1478,2023-04-10T21:35,0,251900
473,595040,24,210000,0,95.0,8745,2023-04-10T21:35,0,210000
474,2816812,25,119900,0,92.0,1541,2023-04-10T21:35,0,119900
475,1010925,26,170000,0,96.0,2089,2023-04-10T21:35,0,170000
476,1129750,27,69000,0,97.0,3934,2023-04-10T21:35,0,69000
477,2816816,28,143890,159900,97.0,1871,2023-04-10T21:35,0,143890
478,2143833,29,89640,108000,96.0,2426,2023-04-10T21:35,0,89640
479,1699941,30,67150,79000,97.0,4872,2023-04-10T21:35,-3358,63792
480,2395327,31,149000,0,97.0,544,2023-04-10T21:35,0,149000
481,2440524,32,69000,0,97.0,1557,2023-04-10T21:35,-6900,62100
482,3161736,33,67900,158000,100.0,106,2023-04-10T21:35,0,67900
483,3049313,34,57100,64900,97.0,593,2023-04-10T21:35,0,57100
484,2363570,35,39900,55000,97.0,1037,2023-04-10T21:35,0,39900
485,2237841,36,195000,0,98.0,64,2023-04-10T21:35,0,195000
486,1952910,37,265500,295000,98.0,1739,2023-04-10T21:35,0,265500
487,1995630,38,210000,0,97.0,143,2023-04-10T21:35,0,210000
488,2688345,39,1143000,1360000,98.0,38,2023-04-10T21:35,0,1143000
489,2430426,40,169000,0,98.0,742,2023-04-10T21:35,0,169000
490,3132471,41,79000,0,98.0,12,2023-04-10T21:35,-7900,71100
491,1926895,42,44000,108000,93.0,4187,2023-04-10T21:35,0,44000
492,1439535,43,49000,0,96.0,16332,2023-04-10T21:35,0,49000
493,3024585,44,59000,0,97.0,129,2023-04-10T21:35,0,59000
494,2378989,45,159000,0,95.0,24,2023-04-10T21:35,-31800,127200
495,2735953,46,207000,230000,98.0,421,2023-04-10T21:35,0,207000
496,2664373,47,65000,0,96.0,1028,2023-04-10T21:35,0,65000
497,451851,48,268000,0,97.0,1955,2023-04-10T21:35,0,268000
498,3156676,49,299000,0,98.0,26,2023-04-10T21:35,0,299000
499,1419869,50,70300,74000,95.0,10574,2023-04-10T21:35,0,70300
500,2736221,51,104500,110000,96.0,271,2023-04-10T21:35,0,104500
501,2624538,52,40900,59000,97.0,1493,2023-04-10T21:35,0,40900
502,2434795,53,39900,59000,97.0,1498,2023-04-10T21:35,0,39900
503,3075621,54,339000,0,98.0,72,2023-04-10T21:35,0,339000
504,2306631,55,24900,0,96.0,2115,2023-04-10T21:35,0,24900
505,2650879,56,169000,0,100.0,20,2023-04-10T21:35,0,169000
506,501198,57,129000,139000,95.0,2742,2023-04-10T21:35,0,129000
507,1021359,58,76000,100000,94.0,5387,2023-04-10T21:35,0,76000
508,2662634,59,352000,705000,100.0,2,2023-04-10T21:35,0,352000
509,3020266,60,944000,0,0.0,0,2023-04-10T21:35,0,944000
510,2968825,61,804000,1360000,96.0,5,2023-04-10T21:35,0,804000
511,2340324,62,179100,199000,98.0,193,2023-04-10T21:35,0,179100
512,626636,63,260000,0,96.0,1111,2023-04-10T21:35,0,260000
513,1815709,64,138000,168000,96.0,7132,2023-04-10T21:35,0,138000
514,3134563,65,88200,98000,90.0,2,2023-04-10T21:35,-4410,83790
515,3130686,66,169000,0,0.0,0,2023-04-10T21:35,0,169000
516,2664372,67,65000,0,97.0,1072,2023-04-10T21:35,0,65000
517,3075762,68,379000,0,100.0,9,2023-04-10T21:35,0,379000
518,2445942,69,240000,0,95.0,102,2023-04-10T21:35,0,240000
519,685185,70,148000,198000,95.0,12503,2023-04-10T21:35,0,148000
520,3104658,71,170000,0,100.0,4,2023-04-10T21:35,0,170000
521,1730340,72,258000,0,97.0,4203,2023-04-10T21:35,0,258000
522,3104657,73,160000,0,100.0,2,2023-04-10T21:35,0,160000
523,607298,74,53600,59000,93.0,15585,2023-04-10T21:35,0,53600
524,2518112,75,87150,105000,96.0,981,2023-04-10T21:35,0,87150
525,2437045,76,157000,218000,97.0,491,2023-04-10T21:35,0,157000
526,2919224,77,670000,1000000,0.0,0,2023-04-10T21:35,0,670000
527,2781406,78,87900,109900,98.0,81,2023-04-10T21:35,0,87900
528,770006,79,109000,0,95.0,5687,2023-04-10T21:35,0,109000
529,1262089,80,300000,0,97.0,1591,2023-04-10T21:35,0,300000
530,2737420,81,85490,103000,95.0,481,2023-04-10T21:35,0,85490
531,2355318,82,109900,0,96.0,648,2023-04-10T21:35,0,109900
532,1548618,83,152000,198000,96.0,3296,2023-04-10T21:35,0,152000
533,3172972,84,138000,0,100.0,8,2023-04-10T21:35,0,138000
534,1334440,85,119000,170000,96.0,2060,2023-04-10T21:35,0,119000
535,1730341,86,180600,258000,96.0,433,2023-04-10T21:35,0,180600
536,2435822,87,94500,99000,97.0,253,2023-04-10T21:35,-18900,75600
537,2555395,88,212000,600000,0.0,0,2023-04-10T21:35,0,212000
538,2101922,89,101890,119900,96.0,1888,2023-04-10T21:35,0,101890
539,2414019,90,319000,980000,100.0,8,2023-04-10T21:35,0,319000
540,1214164,1,36000,0,96.0,24943,2023-04-10T21:35,0,36000
541,2280117,2,35100,39000,97.0,6299,2023-04-10T21:35,0,35100
542,2287131,3,37000,0,95.0,1649,2023-04-10T21:35,0,37000
543,1022014,4,79000,0,96.0,11447,2023-04-10T21:35,0,79000
544,1822717,5,56050,59000,97.0,4318,2023-04-10T21:35,0,56050
545,2134140,6,39000,0,97.0,3541,2023-04-10T21:35,0,39000
546,1771137,7,29000,0,97.0,12529,2023-04-10T21:35,0,29000
547,1022013,8,79000,0,96.0,6260,2023-04-10T21:35,0,79000
548,1272626,9,36000,0,96.0,14145,2023-04-10T21:35,0,36000
549,2356713,10,39000,0,97.0,1464,2023-04-10T21:35,0,39000
550,2859190,11,37000,0,96.0,436,2023-04-10T21:35,0,37000
551,1214174,12,36000,0,97.0,15041,2023-04-10T21:35,0,36000
552,1214173,13,36000,0,96.0,5565,2023-04-10T21:35,0,36000
553,2134158,14,39000,0,97.0,2509,2023-04-10T21:35,0,39000
554,2879419,15,46900,55000,98.0,731,2023-04-10T21:35,0,46900
555,1771132,16,29000,0,96.0,5259,2023-04-10T21:35,0,29000
556,1214109,17,36000,0,97.0,8136,2023-04-10T21:35,0,36000
557,1214317,18,36000,0,97.0,11494,2023-04-10T21:35,0,36000
558,1524720,19,36000,0,96.0,3385,2023-04-10T21:35,0,36000
559,2356711,20,39000,0,98.0,1496,2023-04-10T21:35,0,39000
560,1920929,21,39000,0,97.0,3982,2023-04-10T21:35,0,39000
561,2286829,22,37000,0,95.0,4974,2023-04-10T21:35,0,37000
562,1452917,23,69000,0,96.0,2420,2023-04-10T21:35,0,69000
563,2864918,24,49000,0,99.0,129,2023-04-10T21:35,0,49000
564,2028240,25,39000,0,98.0,3351,2023-04-10T21:35,0,39000
565,1771133,26,29000,0,97.0,5707,2023-04-10T21:35,0,29000
566,2221221,27,35100,39000,96.0,1866,2023-04-10T21:35,0,35100
567,2164773,28,69000,0,97.0,518,2023-04-10T21:35,0,69000
568,3012243,29,29900,39900,98.0,67,2023-04-10T21:35,0,29900
569,2107999,30,36000,0,97.0,2676,2023-04-10T21:35,0,36000
570,1907733,31,29900,39000,96.0,3853,2023-04-10T21:35,0,29900
571,1022012,32,79000,0,94.0,2790,2023-04-10T21:35,0,79000
572,1497550,33,29600,37000,95.0,5684,2023-04-10T21:35,0,29600
573,1925814,34,35100,39000,96.0,1660,2023-04-10T21:35,0,35100
574,1214169,35,36000,0,97.0,5334,2023-04-10T21:35,0,36000
575,2879425,36,46900,55000,98.0,307,2023-04-10T21:35,0,46900
576,2329375,37,34710,39000,96.0,2098,2023-04-10T21:35,0,34710
577,1855444,38,39900,42000,97.0,3023,2023-04-10T21:35,0,39900
578,1214106,39,36000,0,96.0,9737,2023-04-10T21:35,0,36000
579,1906772,40,39900,42000,97.0,3075,2023-04-10T21:35,0,39900
580,1022015,41,79000,0,96.0,1947,2023-04-10T21:35,0,79000
581,2683883,42,69000,0,97.0,126,2023-04-10T21:35,0,69000
582,2716310,43,37000,0,96.0,164,2023-04-10T21:35,0,37000
583,2591291,44,39200,49000,97.0,1023,2023-04-10T21:35,0,39200
584,2672186,45,20900,30000,96.0,580,2023-04-10T21:35,-2090,18810
585,2356693,46,39000,0,97.0,1530,2023-04-10T21:35,0,39000
586,2123132,47,39000,0,97.0,6403,2023-04-10T21:35,-3900,35100
587,2715553,48,68000,0,95.0,260,2023-04-10T21:35,0,68000
588,1214193,49,39000,0,97.0,15357,2023-04-10T21:35,0,39000
589,2697592,50,89000,0,97.0,98,2023-04-10T21:35,0,89000
590,2089719,51,36000,0,97.0,2411,2023-04-10T21:35,0,36000
591,2152223,52,36000,0,98.0,791,2023-04-10T21:35,0,36000
592,2697593,53,99000,0,97.0,131,2023-04-10T21:35,0,99000
593,2687157,54,45000,0,97.0,1042,2023-04-10T21:35,0,45000
594,1300684,55,41300,59000,92.0,248,2023-04-10T21:35,0,41300
595,1335132,56,29000,0,95.0,1106,2023-04-10T21:35,0,29000
596,2416515,57,79000,0,94.0,103,2023-04-10T21:35,0,79000
597,3092582,58,37800,42000,99.0,34,2023-04-10T21:35,0,37800
598,2535631,59,35100,39000,96.0,348,2023-04-10T21:35,0,35100
599,1760824,60,49700,59000,97.0,308,2023-04-10T21:35,0,49700
600,2384630,61,42000,0,98.0,761,2023-04-10T21:35,0,42000
601,2289281,62,28500,38000,96.0,883,2023-04-10T21:35,0,28500
602,2315824,63,49000,0,97.0,410,2023-04-10T21:35,0,49000
603,2435766,64,37900,39900,97.0,203,2023-04-10T21:35,0,37900
604,2765415,65,99000,0,100.0,20,2023-04-10T21:35,0,99000
605,1836697,66,79000,0,97.0,457,2023-04-10T21:35,0,79000
606,2444602,67,54000,0,97.0,129,2023-04-10T21:35,0,54000
607,2707659,68,42000,0,97.0,527,2023-04-10T21:35,0,42000
608,2464070,69,44000,55000,96.0,364,2023-04-10T21:35,-2200,41800
609,3051146,70,34000,0,92.0,34,2023-04-10T21:35,-6800,27200
610,3092054,71,49000,0,0.0,0,2023-04-10T21:35,0,49000
611,2879417,72,46900,55000,98.0,208,2023-04-10T21:35,0,46900
612,1939301,73,39000,0,97.0,808,2023-04-10T21:35,0,39000
613,2573131,74,39900,42000,98.0,699,2023-04-10T21:35,0,39900
614,2134287,75,39000,0,98.0,709,2023-04-10T21:35,0,39000
615,1063518,76,79000,0,96.0,955,2023-04-10T21:35,0,79000
616,1157471,77,41650,49000,96.0,933,2023-04-10T21:35,0,41650
617,3125906,78,80100,89000,100.0,10,2023-04-10T21:35,0,80100
618,1086824,79,29600,37000,95.0,18625,2023-04-10T21:35,0,29600
619,3039055,80,43000,0,93.0,38,2023-04-10T21:35,0,43000
620,1602670,81,56050,59000,97.0,741,2023-04-10T21:35,0,56050
621,1761934,82,41650,49000,95.0,546,2023-04-10T21:35,0,41650
622,3118092,83,38700,43000,98.0,17,2023-04-10T21:35,-1935,36765
623,2864774,84,49000,0,98.0,92,2023-04-10T21:35,0,49000
624,2650964,85,46900,53000,98.0,191,2023-04-10T21:35,0,46900
625,2287158,86,37000,0,95.0,1229,2023-04-10T21:35,0,37000
626,2289282,87,28500,38000,96.0,391,2023-04-10T21:35,0,28500
627,3170718,88,36270,39000,100.0,2,2023-04-10T21:35,-1814,34456
628,1755276,89,49000,0,97.0,2413,2023-04-10T21:35,0,49000
629,2998516,90,29000,0,96.0,162,2023-04-10T21:35,0,29000
630,3190603,1,292000,418000,0.0,0,2023-04-10T21:35,-50000,242000
631,2489894,2,150100,158000,98.0,107,2023-04-10T21:35,0,150100
632,3008189,3,334000,478000,100.0,6,2023-04-10T21:35,-50000,284000
633,3138201,4,139500,155000,0.0,0,2023-04-10T21:35,-6975,132525
634,2489892,5,150100,158000,95.0,20,2023-04-10T21:35,0,150100
635,3059119,6,161100,179000,93.0,23,2023-04-10T21:35,-28998,132102
636,2371579,7,599000,1170000,100.0,1,2023-04-10T21:35,0,599000
637,3073259,8,196200,218000,100.0,5,2023-04-10T21:35,-35316,160884
638,2496520,9,398000,0,100.0,6,2023-04-10T21:35,-59700,338300
639,3146767,10,161100,179000,0.0,0,2023-04-10T21:35,-28998,132102
640,2781047,11,495500,991000,96.0,6,2023-04-10T21:35,-49550,445950
641,3171883,12,149000,0,100.0,2,2023-04-10T21:35,0,149000
642,3174221,13,188100,209000,0.0,0,2023-04-10T21:35,-33858,154242
643,3055337,14,159000,0,100.0,1,2023-04-10T21:35,0,159000
644,3008191,15,348000,498000,100.0,1,2023-04-10T21:35,-50000,298000
645,3171882,16,149000,0,100.0,2,2023-04-10T21:35,0,149000
646,3074707,17,119000,0,100.0,4,2023-04-10T21:35,0,119000
647,3155026,18,58500,78000,100.0,8,2023-04-10T21:35,-11700,46800
648,2605850,19,94000,0,97.0,168,2023-04-10T21:35,0,94000
649,3174225,20,161100,179000,0.0,0,2023-04-10T21:35,-28998,132102
650,3174230,21,161100,179000,0.0,0,2023-04-10T21:35,-28998,132102
651,3008190,22,334000,478000,100.0,1,2023-04-10T21:35,-50000,284000
652,2714524,23,48300,69000,95.0,400,2023-04-10T21:35,-9660,38640
653,3184268,24,319000,0,0.0,0,2023-04-10T21:35,-15950,303050
654,3106487,25,148000,0,99.0,26,2023-04-10T21:35,0,148000
655,3137386,26,238000,298000,0.0,0,2023-04-10T21:35,-42840,195160
656,2478652,27,57800,68000,94.0,329,2023-04-10T21:35,0,57800
657,2184964,28,298000,0,100.0,1,2023-04-10T21:35,0,298000
658,3137343,29,139000,0,0.0,0,2023-04-10T21:35,0,139000
659,3158231,30,278000,0,0.0,0,2023-04-10T21:35,-13900,264100
660,1455772,31,94000,0,96.0,210,2023-04-10T21:35,0,94000
661,2594528,32,276000,0,0.0,0,2023-04-10T21:35,0,276000
662,3050173,33,166600,238000,100.0,2,2023-04-10T21:35,0,166600
663,3135904,34,92000,0,100.0,7,2023-04-10T21:35,0,92000
664,2848613,35,86900,0,100.0,3,2023-04-10T21:35,0,86900
665,2714533,36,48300,69000,93.0,232,2023-04-10T21:35,-9660,38640
666,3074709,37,119000,0,0.0,0,2023-04-10T21:35,0,119000
667,2605800,38,118400,148000,0.0,0,2023-04-10T21:35,0,118400
668,3144156,39,109000,0,100.0,2,2023-04-10T21:35,0,109000
669,2512635,40,35400,59000,96.0,209,2023-04-10T21:35,0,35400
670,2388209,41,94000,0,96.0,158,2023-04-10T21:35,0,94000
671,2470694,42,224000,0,0.0,0,2023-04-10T21:35,0,224000
672,3070519,43,218000,0,0.0,0,2023-04-10T21:35,0,218000
673,1779568,44,57600,64000,95.0,292,2023-04-10T21:35,0,57600
674,3196917,45,151050,159000,0.0,0,2023-04-10T21:35,-7553,143497
675,2490270,46,213000,380000,0.0,0,2023-04-10T21:35,0,213000
676,3041848,47,168000,0,0.0,0,2023-04-10T21:35,0,168000
677,3040561,48,175750,185000,97.0,7,2023-04-10T21:35,0,175750
678,2661885,49,213000,0,100.0,1,2023-04-10T21:35,-38340,174660
679,2494292,50,210000,0,0.0,0,2023-04-10T21:35,0,210000
680,3050856,51,189000,0,93.0,12,2023-04-10T21:35,0,189000
681,3093948,52,199000,0,0.0,0,2023-04-10T21:35,0,199000
682,3156829,53,103200,129000,0.0,0,2023-04-10T21:35,0,103200
683,3053760,54,178200,198000,0.0,0,2023-04-10T21:35,0,178200
684,3081771,55,189000,0,100.0,5,2023-04-10T21:35,0,189000
685,2830893,56,189000,0,100.0,5,2023-04-10T21:35,0,189000
686,3115366,57,196200,218000,0.0,0,2023-04-10T21:35,0,196200
687,3075317,58,198000,0,0.0,0,2023-04-10T21:35,0,198000
688,3200457,59,159000,0,0.0,0,2023-04-10T21:35,0,159000
689,3191490,60,179550,189000,0.0,0,2023-04-10T21:35,0,179550
690,1103286,61,94000,0,94.0,781,2023-04-10T21:35,0,94000
691,3196932,62,151050,159000,0.0,0,2023-04-10T21:35,-7553,143497
692,3203077,63,151200,168000,0.0,0,2023-04-10T21:35,-22680,128520
693,3083230,64,159000,0,100.0,5,2023-04-10T21:35,0,159000
694,3206552,65,106400,112000,0.0,0,2023-04-10T21:35,0,106400
695,3153266,66,168000,0,0.0,0,2023-04-10T21:35,0,168000
696,3193295,67,168000,0,0.0,0,2023-04-10T21:35,0,168000
697,3138205,68,139500,155000,0.0,0,2023-04-10T21:35,-6975,132525
698,2563691,69,159000,0,100.0,11,2023-04-10T21:35,0,159000
699,1537416,70,57800,68000,90.0,133,2023-04-10T21:35,0,57800
700,3135499,71,150100,158000,0.0,0,2023-04-10T21:35,0,150100
701,3180095,72,170100,189000,0.0,0,2023-04-10T21:35,0,170100
702,2551115,73,168300,187000,0.0,0,2023-04-10T21:35,0,168300
703,3203935,74,159000,0,0.0,0,2023-04-10T21:35,0,159000
704,2620206,75,159600,228000,100.0,6,2023-04-10T21:35,0,159600
705,2755512,76,156400,184000,100.0,2,2023-04-10T21:35,0,156400
706,3135234,77,80100,89000,95.0,4,2023-04-10T21:35,-12015,68085
707,1579103,78,126400,158000,96.0,99,2023-04-10T21:35,0,126400
708,2712722,79,46900,79000,95.0,29,2023-04-10T21:35,0,46900
709,3099416,80,44910,49900,0.0,0,2023-04-10T21:35,0,44910
710,3123539,81,159000,0,0.0,0,2023-04-10T21:35,0,159000
711,3138202,82,139500,155000,0.0,0,2023-04-10T21:35,-6975,132525
712,2415480,83,148000,0,97.0,9,2023-04-10T21:35,0,148000
713,987352,84,41300,59000,93.0,589,2023-04-10T21:35,0,41300
714,3124592,85,151200,168000,0.0,0,2023-04-10T21:35,-22680,128520
715,2585216,86,148000,0,86.0,12,2023-04-10T21:35,0,148000
716,3112391,87,79900,99000,0.0,0,2023-04-10T21:35,0,79900
717,3170244,88,143000,159000,0.0,0,2023-04-10T21:35,0,143000
718,2585469,89,145000,0,100.0,3,2023-04-10T21:35,0,145000
719,3109438,90,148000,0,0.0,0,2023-04-10T21:35,0,148000
720,2836351,1,49680,72000,96.0,459,2023-04-10T21:35,-9936,39744
721,2978105,2,49900,0,100.0,3,2023-04-10T21:35,-4990,44910
722,3051039,3,95200,119000,100.0,30,2023-04-10T21:35,0,95200
723,2978106,4,49900,0,0.0,0,2023-04-10T21:35,-4990,44910
724,3070528,5,168000,0,93.0,3,2023-04-10T21:35,0,168000
725,2864414,6,69300,99000,94.0,91,2023-04-10T21:35,0,69300
726,2850491,7,250600,358000,100.0,6,2023-04-10T21:35,-45108,205492
727,2551401,8,37900,0,94.0,323,2023-04-10T21:35,0,37900
728,3031104,9,55200,69000,98.0,60,2023-04-10T21:35,0,55200
729,3171125,10,118110,127000,0.0,0,2023-04-10T21:35,-5906,112204
730,2588027,11,399000,0,80.0,2,2023-04-10T21:35,-59850,339150
731,2373068,12,98100,109000,91.0,55,2023-04-10T21:35,0,98100
732,3119334,13,379000,0,0.0,0,2023-04-10T21:35,0,379000
733,3198566,14,39000,59000,0.0,0,2023-04-10T21:35,0,39000
734,2377814,15,178200,198000,97.0,74,2023-04-10T21:35,-32076,146124
735,2551407,16,37900,0,97.0,173,2023-04-10T21:35,0,37900
736,2925522,17,58500,65000,96.0,110,2023-04-10T21:35,0,58500
737,2713273,18,359000,0,100.0,1,2023-04-10T21:35,0,359000
738,2588045,19,359000,0,0.0,0,2023-04-10T21:35,-53850,305150
739,1944554,20,31290,36900,96.0,537,2023-04-10T21:35,0,31290
740,3081767,21,169000,0,85.0,4,2023-04-10T21:35,0,169000
741,3123863,22,160200,178000,0.0,0,2023-04-10T21:35,-28836,131364
742,3171078,23,146940,158000,0.0,0,2023-04-10T21:35,-7347,139593
743,3125453,24,55200,89900,93.0,3,2023-04-10T21:35,0,55200
744,3037451,25,239200,299000,100.0,3,2023-04-10T21:35,0,239200
745,2352881,26,39950,79900,98.0,306,2023-04-10T21:35,0,39950
746,3170471,27,139000,0,0.0,0,2023-04-10T21:35,0,139000
747,3113979,28,298000,0,0.0,0,2023-04-10T21:35,-50000,248000
748,2788546,29,279000,0,100.0,3,2023-04-10T21:35,-50000,229000
749,3190572,30,264000,378000,0.0,0,2023-04-10T21:35,-47520,216480
750,2713339,31,141000,470000,100.0,1,2023-04-10T21:35,0,141000
751,3140787,32,138000,0,0.0,0,2023-04-10T21:35,-24840,113160
752,2716675,33,39900,59000,96.0,176,2023-04-10T21:35,0,39900
753,2117249,34,32900,0,94.0,457,2023-04-10T21:35,-3290,29610
754,3149952,35,250000,0,0.0,0,2023-04-10T21:35,-45000,205000
755,2391576,36,39440,58000,96.0,308,2023-04-10T21:35,-7888,31552
756,1931894,37,37900,0,95.0,518,2023-04-10T21:35,0,37900
757,2836289,38,39530,59000,95.0,214,2023-04-10T21:35,-7906,31624
758,3040745,39,88000,110000,93.0,16,2023-04-10T21:35,0,88000
759,1324169,40,29900,0,95.0,1342,2023-04-10T21:35,0,29900
760,3038425,41,111200,139000,96.0,6,2023-04-10T21:35,0,111200
761,3065379,42,226000,0,0.0,0,2023-04-10T21:35,-40680,185320
762,2416846,43,54000,67900,92.0,94,2023-04-10T21:35,-8100,45900
763,2463011,44,221250,295000,100.0,4,2023-04-10T21:35,-39825,181425
764,1819994,45,36500,43000,92.0,659,2023-04-10T21:35,-3650,32850
765,1316280,46,61000,0,90.0,13,2023-04-10T21:35,0,61000
766,2350807,47,152600,218000,0.0,0,2023-04-10T21:35,-27468,125132
767,3000422,48,59000,0,97.0,28,2023-04-10T21:35,0,59000
768,2504391,49,110600,158000,91.0,20,2023-04-10T21:35,0,110600
769,3144374,50,71100,79000,100.0,3,2023-04-10T21:35,0,71100
770,3149629,51,139000,0,0.0,0,2023-04-10T21:35,-25020,113980
771,3100234,52,174400,218000,0.0,0,2023-04-10T21:35,-31392,143008
772,3058718,53,86400,96000,98.0,12,2023-04-10T21:35,-15552,70848
773,3206524,54,131100,138000,0.0,0,2023-04-10T21:35,0,131100
774,3073252,55,160200,178000,100.0,5,2023-04-10T21:35,-28836,131364
775,2541288,56,195300,279000,0.0,0,2023-04-10T21:35,-35154,160146
776,2551400,57,39900,0,93.0,137,2023-04-10T21:35,0,39900
777,3133082,58,171000,0,80.0,3,2023-04-10T21:35,0,171000
778,2628945,59,102600,114000,100.0,7,2023-04-10T21:35,0,102600
779,3134481,60,188340,219000,0.0,0,2023-04-10T21:35,-33902,154438
780,2257612,61,43900,0,96.0,61,2023-04-10T21:35,0,43900
781,2551402,62,37900,0,96.0,99,2023-04-10T21:35,0,37900
782,3038047,63,113050,119000,100.0,2,2023-04-10T21:35,0,113050
783,3058716,64,86400,96000,100.0,7,2023-04-10T21:35,-15552,70848
784,3105866,65,89000,0,93.0,3,2023-04-10T21:35,-4450,84550
785,2792603,66,43900,0,100.0,53,2023-04-10T21:35,0,43900
786,2978103,67,47900,0,96.0,6,2023-04-10T21:35,0,47900
787,2390967,68,39530,59000,93.0,215,2023-04-10T21:35,-7906,31624
788,3123379,69,98000,0,100.0,1,2023-04-10T21:35,-4900,93100
789,1645760,70,43900,0,96.0,344,2023-04-10T21:35,0,43900
790,2393404,71,178000,0,100.0,1,2023-04-10T21:35,0,178000
791,3098636,72,179550,189000,0.0,0,2023-04-10T21:35,-32319,147231
792,3150458,73,89900,0,0.0,0,2023-04-10T21:35,0,89900
793,2533425,74,32300,38000,96.0,211,2023-04-10T21:35,-3230,29070
794,3069519,75,170100,189000,90.0,2,2023-04-10T21:35,-30618,139482
795,1788995,76,58500,65000,94.0,563,2023-04-10T21:35,0,58500
796,2756335,77,125400,132000,97.0,60,2023-04-10T21:35,0,125400
797,3098355,78,161100,179000,0.0,0,2023-04-10T21:35,-28998,132102
798,3159165,79,162000,0,0.0,0,2023-04-10T21:35,0,162000
799,3101970,80,158000,0,100.0,2,2023-04-10T21:35,0,158000
800,3122278,81,160200,178000,100.0,1,2023-04-10T21:35,-28836,131364
801,2882569,82,164000,249000,0.0,0,2023-04-10T21:35,-29520,134480
802,3109158,83,41650,49000,96.0,13,2023-04-10T21:35,-8330,33320
803,1645762,84,39390,43900,94.0,336,2023-04-10T21:35,0,39390
804,3075315,85,169000,0,0.0,0,2023-04-10T21:35,0,169000
805,1944553,86,36900,0,96.0,217,2023-04-10T21:35,-3690,33210
806,2448899,87,43900,0,95.0,137,2023-04-10T21:35,0,43900
807,3120581,88,152100,169000,100.0,1,2023-04-10T21:35,-27378,124722
808,3154861,89,42000,56000,95.0,4,2023-04-10T21:35,-8400,33600
809,3149612,90,139000,0,0.0,0,2023-04-10T21:35,-25020,113980
810,991339,1,17890,19900,97.0,52852,2023-04-10T21:35,0,17890
811,1986031,2,24990,27900,97.0,10620,2023-04-10T21:35,0,24990
812,1094748,3,19900,0,97.0,19148,2023-04-10T21:35,0,19900
813,998051,4,15900,24000,97.0,163053,2023-04-10T21:35,0,15900
814,991340,5,17890,19900,97.0,30886,2023-04-10T21:35,0,17890
815,763821,6,16900,22000,96.0,31388,2023-04-10T21:35,0,16900
816,1477845,7,15400,22000,96.0,9684,2023-04-10T21:35,0,15400
817,1094835,8,14290,15900,97.0,6219,2023-04-10T21:35,0,14290
818,746158,9,22900,0,96.0,20527,2023-04-10T21:35,0,22900
819,1342874,10,16900,33000,97.0,12827,2023-04-10T21:35,0,16900
820,1996705,11,23690,27900,98.0,2693,2023-04-10T21:35,0,23690
821,792919,12,15190,16900,96.0,17931,2023-04-10T21:35,0,15190
822,1996702,13,23690,27900,97.0,1941,2023-04-10T21:35,0,23690
823,991570,14,12900,20000,97.0,19070,2023-04-10T21:35,0,12900
824,991341,15,16890,19900,96.0,10224,2023-04-10T21:35,0,16890
825,2959925,16,22000,27500,99.0,105,2023-04-10T21:35,0,22000
826,1729576,17,9900,13900,97.0,16103,2023-04-10T21:35,0,9900
827,1443937,18,12900,24000,97.0,7985,2023-04-10T21:35,0,12900
828,746159,19,22900,0,95.0,28734,2023-04-10T21:35,0,22900
829,1986030,20,23690,27900,97.0,1672,2023-04-10T21:35,0,23690
830,2832613,21,11200,33000,97.0,697,2023-04-10T21:35,0,11200
831,734085,22,13900,19800,96.0,64849,2023-04-10T21:35,0,13900
832,746154,23,17900,0,96.0,5185,2023-04-10T21:35,0,17900
833,2845854,24,13200,18900,97.0,225,2023-04-10T21:35,0,13200
834,2798430,25,29000,0,97.0,43,2023-04-10T21:35,0,29000
835,479245,26,15400,22000,93.0,5404,2023-04-10T21:35,0,15400
836,1986029,27,27900,0,97.0,3956,2023-04-10T21:35,0,27900
837,1821485,28,30000,0,96.0,1269,2023-04-10T21:35,0,30000
838,792920,29,15190,16900,96.0,9667,2023-04-10T21:35,0,15190
839,3033249,30,15000,0,96.0,208,2023-04-10T21:35,-750,14250
840,2297277,31,19900,22000,95.0,290,2023-04-10T21:35,0,19900
841,1094834,32,21490,23900,96.0,2457,2023-04-10T21:35,0,21490
842,1094749,33,19900,0,96.0,4960,2023-04-10T21:35,0,19900
843,2011852,34,21490,23900,97.0,1307,2023-04-10T21:35,0,21490
844,1346009,35,9900,12000,97.0,6710,2023-04-10T21:35,0,9900
845,1974077,36,42090,46900,97.0,896,2023-04-10T21:35,0,42090
846,1358721,37,14900,22000,96.0,1134,2023-04-10T21:35,0,14900
847,1094750,38,16890,19900,97.0,3558,2023-04-10T21:35,0,16890
848,2960555,39,19000,0,94.0,104,2023-04-10T21:35,0,19000
849,2973952,40,28800,48000,94.0,11,2023-04-10T21:35,-5184,23616
850,746161,41,22900,0,95.0,7736,2023-04-10T21:35,0,22900
851,1094836,42,14290,15900,97.0,1318,2023-04-10T21:35,0,14290
852,2649999,43,12800,16000,94.0,80,2023-04-10T21:35,0,12800
853,2347097,44,14900,24000,98.0,1572,2023-04-10T21:35,0,14900
854,2973894,45,22000,27500,98.0,25,2023-04-10T21:35,0,22000
855,2293399,46,19900,22000,95.0,632,2023-04-10T21:35,0,19900
856,2346958,47,18900,24000,98.0,520,2023-04-10T21:35,0,18900
857,2618262,48,39200,49000,97.0,27,2023-04-10T21:35,-1960,37240
858,1996704,49,22290,27900,97.0,710,2023-04-10T21:35,0,22290
859,1392773,50,16890,19900,95.0,1473,2023-04-10T21:35,0,16890
860,2652498,51,9900,12000,98.0,116,2023-04-10T21:35,0,9900
861,2821589,52,19690,21900,96.0,39,2023-04-10T21:35,0,19690
862,1647682,53,14900,23600,97.0,949,2023-04-10T21:35,0,14900
863,472686,54,9900,14800,94.0,724,2023-04-10T21:35,0,9900
864,792921,55,15190,16900,95.0,7811,2023-04-10T21:35,0,15190
865,1260388,56,20900,0,95.0,676,2023-04-10T21:35,0,20900
866,922009,57,14800,23800,96.0,511,2023-04-10T21:35,0,14800
867,1094833,58,20590,22900,95.0,2081,2023-04-10T21:35,0,20590
868,752821,59,9900,0,94.0,23796,2023-04-10T21:35,0,9900
869,1296443,60,17900,23800,97.0,930,2023-04-10T21:35,0,17900
870,3118094,61,28800,32000,97.0,7,2023-04-10T21:35,0,28800
871,1348077,62,10900,16500,97.0,1860,2023-04-10T21:35,0,10900
872,1260384,63,19900,0,95.0,1802,2023-04-10T21:35,0,19900
873,1777081,64,8000,12800,96.0,1194,2023-04-10T21:35,0,8000
874,2835702,65,13900,15800,97.0,68,2023-04-10T21:35,0,13900
875,2591833,66,7900,9900,98.0,121,2023-04-10T21:35,0,7900
876,1856342,67,45790,53900,98.0,203,2023-04-10T21:35,0,45790
877,2711708,68,29000,0,98.0,69,2023-04-10T21:35,0,29000
878,2821598,69,19390,22900,97.0,147,2023-04-10T21:35,0,19390
879,1092994,70,22900,0,96.0,2657,2023-04-10T21:35,0,22900
880,1724176,71,15900,22800,98.0,331,2023-04-10T21:35,0,15900
881,2829802,72,13200,18900,97.0,25,2023-04-10T21:35,0,13200
882,2295818,73,19900,22000,95.0,186,2023-04-10T21:35,0,19900
883,3009680,74,12590,14900,98.0,115,2023-04-10T21:35,0,12590
884,2982659,75,19900,0,100.0,12,2023-04-10T21:35,0,19900
885,2342849,76,15120,18900,91.0,122,2023-04-10T21:35,0,15120
886,2011851,77,21490,23900,98.0,678,2023-04-10T21:35,0,21490
887,1573974,78,39790,46900,97.0,1451,2023-04-10T21:35,0,39790
888,1360044,79,19900,0,97.0,1760,2023-04-10T21:35,0,19900
889,783120,80,13900,0,96.0,1409,2023-04-10T21:35,0,13900
890,1821487,81,30000,0,97.0,678,2023-04-10T21:35,0,30000
891,746155,82,17900,0,95.0,1263,2023-04-10T21:35,0,17900
892,3134426,83,39000,0,0.0,0,2023-04-10T21:35,0,39000
893,1062063,84,9490,15900,96.0,2153,2023-04-10T21:35,0,9490
894,3181604,85,25200,28000,0.0,0,2023-04-10T21:35,-5040,20160
895,1776501,86,15000,20000,95.0,128,2023-04-10T21:35,0,15000
896,1260385,87,17890,19900,95.0,795,2023-04-10T21:35,0,17890
897,1346070,88,9900,12000,97.0,1879,2023-04-10T21:35,0,9900
898,1121544,89,15190,16900,96.0,863,2023-04-10T21:35,0,15190
899,1286366,90,11900,24000,97.0,9807,2023-04-10T21:35,0,11900
